kappa,tau_stdp,tau_sr,asymm,frac,R2,skill,area,L2
0.01,0.02,5.0,0.9,0.5,0.78809,-2.43229,0.42667,0.3789
0.5,0.02,4.0,0.95,0.6,0.81135,-2.37365,0.39206,0.3807
0.05,0.03,5.0,0.99,0.7,0.71318,-3.84049,0.53232,0.53431
0.5,0.025,5.0,0.95,0.7,0.80354,-2.66653,0.42578,0.40482
0.5,0.02,5.0,0.99,0.6,0.36907,-7.06208,0.78368,0.89002
1.0,0.03,5.0,0.95,0.7,0.52166,-5.10962,0.6398,0.67447
1.0,0.025,3.0,0.95,0.6,0.5036,-4.81317,0.60584,0.67245
0.5,0.03,3.0,0.9,0.6,0.94488,-0.70971,0.21812,0.19773
1.0,0.03,5.0,0.99,0.6,0.28082,-8.02619,0.86518,0.99643
0.01,0.02,5.0,0.9,0.7,0.79541,-2.34719,0.42078,0.36948
1.0,0.02,3.0,0.99,0.7,0.16357,-8.64614,0.99257,1.11533
0.01,0.025,5.0,0.95,0.7,0.91468,-1.06654,0.26894,0.22807
0.5,0.03,5.0,0.99,0.7,0.3715,-7.07703,0.76589,0.89183
0.5,0.03,4.0,0.9,0.6,0.94692,-0.65248,0.21622,0.18646
1.0,0.025,5.0,0.99,0.6,0.27474,-8.28147,0.89901,1.02474
0.1,0.025,4.0,0.95,0.5,0.94814,-0.64329,0.20153,0.18543
1.0,0.02,5.0,0.95,0.6,0.53178,-5.09982,0.63851,0.67346
0.01,0.03,3.0,0.9,0.6,0.89415,-1.62925,0.28679,0.30413
0.01,0.03,5.0,0.99,0.7,0.72326,-3.738,0.53855,0.52295
0.5,0.03,3.0,0.99,0.5,0.34667,-7.06221,0.8489,0.93281
0.05,0.02,3.0,0.9,0.7,0.86007,-2.02506,0.33609,0.34991
0.5,0.025,5.0,0.99,0.5,0.4212,-6.80212,0.71565,0.8613
0.01,0.02,3.0,0.99,0.6,0.75594,-2.78885,0.48699,0.4384
0.05,0.025,3.0,0.9,0.5,0.88014,-1.73547,0.30453,0.31643
0.05,0.02,4.0,0.95,0.7,0.90724,-1.19049,0.27517,0.24717
0.05,0.03,4.0,0.95,0.7,0.94735,-0.67622,0.1933,0.18913
0.5,0.025,5.0,0.99,0.6,0.38189,-7.20061,0.77992,0.90517
0.5,0.025,3.0,0.9,0.7,0.9203,-1.03839,0.25562,0.23585
0.5,0.03,4.0,0.95,0.6,0.85176,-2.00153,0.32616,0.33868
0.05,0.03,4.0,0.9,0.7,0.86888,-1.74737,0.32784,0.31004
0.5,0.025,4.0,0.9,0.5,0.95353,-0.53856,0.19626,0.17362
0.01,0.025,3.0,0.9,0.5,0.87369,-1.81329,0.31278,0.3253
0.1,0.025,4.0,0.9,0.7,0.85809,-1.82961,0.33955,0.31939
0.1,0.02,4.0,0.95,0.7,0.906,-1.24888,0.30828,0.25387
0.01,0.02,4.0,0.95,0.6,0.91266,-1.13149,0.26606,0.24063
0.1,0.02,4.0,0.9,0.6,0.84446,-1.91955,0.35681,0.32947
0.01,0.02,5.0,0.95,0.6,0.88953,-1.36836,0.29825,0.26142
0.5,0.02,4.0,0.95,0.7,0.7536,-2.9335,0.43633,0.44395
0.1,0.03,5.0,0.99,0.6,0.71351,-3.93763,0.5612,0.54512
0.5,0.025,3.0,0.9,0.5,0.95307,-0.61265,0.20989,0.18652
0.01,0.03,3.0,0.9,0.7,0.89788,-1.61387,0.29142,0.3023
1.0,0.02,5.0,0.9,0.5,0.85279,-2.21104,0.3896,0.35455
0.05,0.03,5.0,0.95,0.6,0.93014,-0.90396,0.23194,0.21016
0.1,0.03,3.0,0.9,0.5,0.89684,-1.65757,0.30266,0.30745
0.1,0.025,3.0,0.99,0.6,0.63588,-3.93141,0.60407,0.5705
0.5,0.025,4.0,0.95,0.5,0.88905,-1.53137,0.29149,0.2857
0.1,0.03,5.0,0.9,0.7,0.85732,-1.76541,0.3475,0.3052
0.5,0.03,4.0,0.9,0.7,0.92974,-0.91502,0.25864,0.21617
0.05,0.025,4.0,0.99,0.5,0.73389,-3.3092,0.50593,0.48647
1.0,0.02,3.0,0.99,0.5,0.22836,-7.95857,0.89534,1.03641
0.5,0.03,4.0,0.95,0.5,0.8821,-1.59901,0.29631,0.29331
0.5,0.025,4.0,0.95,0.6,0.82892,-2.24983,0.36179,0.36672
0.1,0.02,5.0,0.99,0.6,0.79615,-2.92138,0.40291,0.43288
0.01,0.02,5.0,0.95,0.5,0.86828,-1.64614,0.33384,0.29202
0.05,0.03,5.0,0.99,0.5,0.73078,-3.75588,0.5508,0.525
0.5,0.03,5.0,0.95,0.5,0.90558,-1.54328,0.28338,0.28077
0.1,0.02,3.0,0.9,0.7,0.87912,-1.70765,0.3002,0.3132
0.5,0.03,3.0,0.9,0.5,0.95883,-0.54696,0.20109,0.17889
0.1,0.02,5.0,0.9,0.7,0.8112,-2.16049,0.40259,0.34892
0.01,0.025,5.0,0.9,0.7,0.8237,-2.07133,0.38676,0.33913
0.01,0.02,3.0,0.9,0.7,0.85672,-1.84006,0.33155,0.32845
0.01,0.03,4.0,0.99,0.5,0.70808,-3.62087,0.56462,0.52164
0.5,0.03,4.0,0.95,0.7,0.81729,-2.33566,0.38033,0.37645
0.5,0.02,4.0,0.9,0.6,0.93442,-0.8714,0.25429,0.21117
0.5,0.025,3.0,0.99,0.7,0.28065,-7.23421,0.80749,0.9524
1.0,0.025,5.0,0.95,0.5,0.6756,-3.95023,0.51791,0.5464
0.5,0.02,5.0,0.95,0.7,0.74282,-3.24702,0.48133,0.46868
0.05,0.03,4.0,0.9,0.5,0.86623,-1.83218,0.33141,0.31977
0.01,0.025,5.0,0.9,0.6,0.81624,-2.14754,0.39868,0.34745
1.0,0.02,3.0,0.95,0.6,0.46608,-5.12412,0.65442,0.70835
0.1,0.02,5.0,0.95,0.5,0.89051,-1.3458,0.30245,0.25894
0.1,0.025,4.0,0.9,0.6,0.8546,-1.86782,0.34764,0.32367
0.05,0.02,4.0,0.9,0.7,0.84257,-1.94461,0.35821,0.33239
0.1,0.02,3.0,0.9,0.5,0.87675,-1.85342,0.30998,0.3299
0.1,0.02,4.0,0.99,0.7,0.72389,-3.38901,0.45065,0.49546
0.01,0.03,4.0,0.99,0.7,0.65608,-4.06866,0.56292,0.57197
0.05,0.02,5.0,0.99,0.7,0.84878,-2.2931,0.39318,0.36347
1.0,0.03,3.0,0.95,0.6,0.55232,-4.44646,0.5591,0.62999
0.05,0.03,4.0,0.95,0.5,0.94681,-0.69547,0.20156,0.19134
1.0,0.02,5.0,0.9,0.6,0.76474,-2.99067,0.47041,0.44037
0.5,0.025,3.0,0.9,0.6,0.9411,-0.78502,0.2222,0.20651
0.05,0.03,5.0,0.95,0.7,0.93761,-0.77634,0.22205,0.19604
0.05,0.02,4.0,0.95,0.6,0.88601,-1.50008,0.29101,0.28219
0.1,0.02,5.0,0.99,0.5,0.80202,-2.88657,0.44706,0.42905
1.0,0.03,3.0,0.95,0.5,0.62324,-3.91326,0.50338,0.56835
1.0,0.02,5.0,0.95,0.7,0.43113,-5.82943,0.73051,0.75374
0.01,0.03,5.0,0.99,0.6,0.72648,-3.75246,0.53663,0.52475
1.0,0.025,3.0,0.95,0.7,0.43062,-5.38873,0.68068,0.7392
0.1,0.02,5.0,0.9,0.5,0.80868,-2.21429,0.4058,0.35486
0.5,0.025,5.0,0.95,0.6,0.85293,-2.17139,0.36216,0.35017
0.1,0.03,4.0,0.9,0.6,0.87359,-1.67787,0.31671,0.3023
0.01,0.03,3.0,0.99,0.7,0.63605,-3.98513,0.64913,0.57659
0.1,0.02,3.0,0.95,0.7,0.93639,-0.99428,0.23631,0.23061
1.0,0.02,4.0,0.99,0.5,0.27226,-8.02817,0.87189,1.01905
0.05,0.025,5.0,0.99,0.7,0.77885,-3.12915,0.47662,0.45586
0.5,0.02,3.0,0.95,0.5,0.82763,-2.06349,0.35384,0.35434
1.0,0.025,4.0,0.99,0.6,0.23864,-8.30881,0.90312,1.05058
1.0,0.02,4.0,0.99,0.7,0.1842,-8.3967,0.96111,1.06058
1.0,0.03,5.0,0.99,0.5,0.33061,-7.94464,0.82953,0.98757
0.5,0.025,4.0,0.9,0.7,0.91801,-1.13448,0.28368,0.24093
0.05,0.025,4.0,0.95,0.5,0.93101,-0.95305,0.22198,0.22049
0.1,0.03,5.0,0.95,0.6,0.94791,-0.61418,0.2092,0.17821
1.0,0.03,4.0,0.95,0.7,0.48879,-5.15591,0.6527,0.69468
0.01,0.03,3.0,0.9,0.5,0.89509,-1.63508,0.28964,0.30485
0.5,0.02,5.0,0.9,0.7,0.896,-1.42369,0.32706,0.2676
1.0,0.025,5.0,0.9,0.5,0.89,-1.69249,0.33693,0.29727
0.1,0.02,5.0,0.9,0.6,0.81737,-2.1543,0.39597,0.34819
0.05,0.025,5.0,0.9,0.5,0.82845,-2.07018,0.38453,0.33896
1.0,0.03,4.0,0.95,0.6,0.58945,-4.42295,0.56457,0.61209
1.0,0.03,4.0,0.9,0.6,0.82918,-2.23085,0.38156,0.36466
0.05,0.03,4.0,0.99,0.5,0.66776,-4.07955,0.60146,0.57331
1.0,0.02,4.0,0.95,0.7,0.41178,-5.78926,0.72301,0.76644
1.0,0.025,4.0,0.99,0.7,0.20578,-8.29643,0.9209,1.04925
0.01,0.02,5.0,0.99,0.6,0.8232,-2.57108,0.37523,0.39413
0.1,0.025,4.0,0.95,0.7,0.94408,-0.71577,0.20268,0.19369
0.5,0.03,5.0,0.9,0.5,0.9429,-0.7315,0.23711,0.19111
1.0,0.025,4.0,0.95,0.7,0.45248,-5.47518,0.68075,0.73064
0.05,0.02,5.0,0.9,0.5,0.8048,-2.2755,0.40983,0.36157
1.0,0.025,3.0,0.9,0.5,0.86154,-1.70381,0.32567,0.31275
0.5,0.025,5.0,0.9,0.6,0.92584,-1.02495,0.27289,0.2236
0.5,0.025,4.0,0.95,0.7,0.77274,-2.76382,0.43647,0.42477
1.0,0.025,4.0,0.99,0.5,0.28391,-7.8513,0.85311,0.99883
0.5,0.02,3.0,0.99,0.6,0.30046,-7.20897,0.81226,0.94931
1.0,0.03,4.0,0.95,0.5,0.64956,-3.94668,0.50841,0.55824
0.05,0.025,4.0,0.99,0.7,0.73798,-3.3336,0.51356,0.48914
0.01,0.03,4.0,0.99,0.6,0.69934,-3.81511,0.6007,0.54349
1.0,0.025,3.0,0.99,0.6,0.21108,-8.14429,0.90511,1.05776
1.0,0.03,5.0,0.95,0.5,0.67868,-3.94225,0.50667,0.54566
0.05,0.02,4.0,0.99,0.7,0.80856,-2.52842,0.42208,0.3983
0.01,0.02,5.0,0.9,0.6,0.8018,-2.33614,0.41432,0.36819
0.5,0.03,5.0,0.95,0.6,0.8792,-1.86477,0.33167,0.3162
0.01,0.02,3.0,0.99,0.5,0.75844,-2.77097,0.47515,0.43608
1.0,0.025,3.0,0.9,0.7,0.6821,-3.28676,0.49244,0.49593
0.1,0.02,3.0,0.9,0.6,0.88055,-1.77718,0.30271,0.32124
0.05,0.025,5.0,0.95,0.5,0.90565,-1.181,0.29067,0.24068
0.01,0.02,5.0,0.95,0.7,0.87566,-1.6316,0.32318,0.29051
1.0,0.02,5.0,0.99,0.6,0.25338,-8.28243,0.90351,1.02476
0.01,0.03,3.0,0.95,0.6,0.95584,-0.72346,0.22619,0.19934
1.0,0.03,4.0,0.9,0.5,0.8982,-1.4436,0.30454,0.27585
0.01,0.02,4.0,0.95,0.7,0.91188,-1.21079,0.26228,0.24949
1.0,0.02,4.0,0.95,0.6,0.49188,-5.18065,0.65078,0.69763
0.05,0.03,4.0,0.95,0.6,0.95433,-0.59464,0.18064,0.18007
0.05,0.025,5.0,0.9,0.6,0.82175,-2.14594,0.39229,0.34732
0.1,0.03,5.0,0.99,0.7,0.70544,-4.05346,0.59201,0.55775
0.5,0.025,3.0,0.99,0.6,0.30668,-7.07079,0.80341,0.93352
0.1,0.02,4.0,0.95,0.6,0.91111,-1.1631,0.26155,0.24417
0.05,0.025,4.0,0.9,0.6,0.85399,-1.86599,0.34629,0.32355
0.5,0.02,3.0,0.9,0.7,0.90998,-1.17183,0.28297,0.25125
0.1,0.025,4.0,0.99,0.6,0.67697,-3.85066,0.52439,0.54747
0.05,0.02,3.0,0.9,0.6,0.86722,-1.9664,0.3217,0.3432
0.01,0.03,3.0,0.95,0.5,0.95449,-0.65733,0.22576,0.19174
1.0,0.025,3.0,0.99,0.7,0.17391,-8.43422,0.96458,1.09105
0.05,0.025,3.0,0.99,0.5,0.68245,-3.57184,0.57254,0.52869
0.01,0.03,4.0,0.9,0.7,0.86102,-1.84123,0.33562,0.32071
0.01,0.025,5.0,0.9,0.5,0.81961,-2.12376,0.39363,0.34497
0.01,0.02,3.0,0.9,0.6,0.85591,-2.0144,0.33633,0.34874
0.01,0.03,4.0,0.95,0.6,0.94875,-0.71058,0.20536,0.1931
0.01,0.03,5.0,0.9,0.7,0.8352,-2.02277,0.37604,0.33368
0.05,0.02,5.0,0.95,0.7,0.86562,-1.68253,0.32897,0.29614
0.01,0.03,4.0,0.95,0.5,0.94204,-0.7511,0.20201,0.19762
0.01,0.025,4.0,0.99,0.6,0.73643,-3.2531,0.49036,0.48007
0.01,0.025,4.0,0.99,0.7,0.76583,-3.06613,0.51087,0.45893
0.1,0.02,3.0,0.99,0.5,0.69926,-3.3786,0.56278,0.50636
0.01,0.02,4.0,0.99,0.6,0.81023,-2.51936,0.41586,0.39724
0.01,0.03,4.0,0.9,0.5,0.8611,-1.77817,0.33408,0.31359
0.01,0.025,3.0,0.99,0.6,0.68115,-3.50274,0.54768,0.52093
0.01,0.03,4.0,0.9,0.6,0.86594,-1.71006,0.32825,0.30592
1.0,0.02,4.0,0.95,0.5,0.60843,-4.28852,0.56199,0.59672
0.5,0.02,3.0,0.95,0.7,0.72268,-3.0022,0.44483,0.46316
1.0,0.02,3.0,0.95,0.5,0.56541,-4.41534,0.56941,0.62649
0.5,0.02,4.0,0.99,0.6,0.34111,-6.9656,0.7823,0.89905
0.01,0.025,5.0,0.95,0.6,0.90575,-1.19033,0.2738,0.24179
0.5,0.025,3.0,0.95,0.6,0.80581,-2.26445,0.37846,0.37768
1.0,0.025,4.0,0.9,0.7,0.71598,-3.19475,0.49674,0.47349
0.1,0.025,3.0,0.9,0.5,0.88631,-1.66902,0.29305,0.30886
0.1,0.02,4.0,0.99,0.6,0.72267,-3.39944,0.46429,0.49657
0.01,0.03,5.0,0.95,0.6,0.93665,-0.81315,0.22186,0.20013
1.0,0.02,5.0,0.99,0.7,0.1996,-8.58748,0.96798,1.05844
0.1,0.03,5.0,0.99,0.5,0.72585,-3.86623,0.57334,0.53723
0.5,0.02,4.0,0.95,0.5,0.88669,-1.61427,0.30832,0.29513
0.5,0.03,4.0,0.9,0.5,0.95644,-0.50275,0.19421,0.1696
0.1,0.025,5.0,0.99,0.5,0.7314,-3.62551,0.48384,0.51057
0.5,0.02,3.0,0.9,0.5,0.9509,-0.65235,0.20473,0.19114
1.0,0.02,5.0,0.95,0.5,0.63206,-4.32025,0.55145,0.5873
1.0,0.025,3.0,0.9,0.6,0.7742,-2.5336,0.41427,0.40864
0.1,0.025,3.0,0.95,0.6,0.94736,-0.81084,0.23139,0.2095
0.5,0.02,5.0,0.9,0.6,0.91726,-1.14232,0.28775,0.23644
0.01,0.025,4.0,0.95,0.6,0.92834,-1.06099,0.23812,0.2326
0.05,0.02,3.0,0.9,0.5,0.87408,-1.86305,0.31181,0.3311
0.5,0.02,5.0,0.95,0.5,0.90668,-1.53544,0.31231,0.27993
1.0,0.02,3.0,0.95,0.7,0.38632,-5.76134,0.72434,0.78212
0.5,0.02,3.0,0.95,0.6,0.80633,-2.26797,0.37101,0.37794
0.05,0.025,3.0,0.95,0.7,0.94372,-0.79754,0.24537,0.20794
0.1,0.025,3.0,0.9,0.7,0.89004,-1.63693,0.28881,0.30502
0.01,0.03,3.0,0.99,0.6,0.62631,-4.02705,0.6294,0.58145
0.05,0.025,3.0,0.95,0.5,0.9443,-0.95426,0.23709,0.22594
0.05,0.02,5.0,0.9,0.6,0.80003,-2.28916,0.41422,0.3631
1.0,0.02,5.0,0.9,0.7,0.66407,-3.79901,0.55976,0.52972
0.1,0.02,5.0,0.95,0.6,0.90193,-1.26856,0.28017,0.25044
0.1,0.03,3.0,0.99,0.7,0.57726,-4.45582,0.6492,0.63121
0.01,0.02,4.0,0.9,0.7,0.82828,-2.16985,0.37844,0.35772
0.5,0.02,5.0,0.9,0.5,0.9363,-0.80972,0.236,0.19974
1.0,0.03,5.0,0.99,0.7,0.24207,-8.33651,0.91472,1.03052
0.01,0.03,5.0,0.9,0.5,0.83462,-1.99255,0.37369,0.33038
0.01,0.025,3.0,0.99,0.7,0.6996,-3.35068,0.57029,0.50322
0.1,0.025,3.0,0.95,0.5,0.94514,-0.90676,0.24471,0.22052
0.1,0.025,5.0,0.95,0.5,0.92111,-1.00319,0.25052,0.22111
0.05,0.03,4.0,0.99,0.6,0.69039,-3.86223,0.60429,0.54875
0.05,0.03,4.0,0.9,0.6,0.87591,-1.62417,0.31518,0.29609
0.1,0.02,4.0,0.99,0.5,0.72919,-3.31801,0.48539,0.48723
0.5,0.03,5.0,0.99,0.6,0.40596,-6.9171,0.73382,0.87395
0.05,0.025,3.0,0.9,0.7,0.87686,-1.84067,0.31447,0.32868
1.0,0.025,5.0,0.9,0.7,0.71938,-3.33775,0.51384,0.47887
0.05,0.03,3.0,0.9,0.6,0.89202,-1.68148,0.29957,0.31013
0.5,0.025,4.0,0.9,0.6,0.94141,-0.71882,0.22113,0.19396
0.05,0.025,5.0,0.99,0.6,0.78155,-3.12304,0.49517,0.45513
0.01,0.02,3.0,0.95,0.7,0.93005,-1.02977,0.24153,0.23477
0.5,0.03,4.0,0.99,0.5,0.40093,-6.78807,0.78126,0.87865
1.0,0.025,5.0,0.95,0.7,0.48733,-5.37467,0.68072,0.7038
0.5,0.02,4.0,0.9,0.7,0.90367,-1.28794,0.30557,0.25823
0.1,0.03,4.0,0.99,0.7,0.6305,-4.337,0.59988,0.60219
0.1,0.03,4.0,0.99,0.5,0.62591,-4.4875,0.61369,0.61952
1.0,0.02,4.0,0.9,0.6,0.75374,-2.88292,0.45768,0.43835
0.01,0.025,5.0,0.95,0.5,0.91176,-1.12071,0.26439,0.23412
0.1,0.03,3.0,0.99,0.5,0.58877,-4.4304,0.69698,0.6282
0.5,0.03,5.0,0.95,0.7,0.8285,-2.4311,0.40822,0.37886
0.05,0.03,4.0,0.99,0.7,0.69363,-3.75909,0.59569,0.53726
0.1,0.025,3.0,0.9,0.6,0.88519,-1.63794,0.29211,0.30529
0.1,0.02,4.0,0.9,0.5,0.84591,-1.95556,0.3577,0.33365
0.01,0.025,4.0,0.95,0.7,0.92462,-1.16786,0.25182,0.24466
0.1,0.025,5.0,0.95,0.6,0.92524,-0.94142,0.24091,0.21436
1.0,0.02,3.0,0.9,0.6,0.7439,-2.80156,0.43864,0.43954
1.0,0.02,3.0,0.99,0.6,0.19325,-8.40885,0.94324,1.08753
1.0,0.025,4.0,0.95,0.6,0.54811,-4.73692,0.60298,0.64776
0.5,0.02,4.0,0.9,0.5,0.94208,-0.72284,0.22813,0.19435
0.01,0.025,3.0,0.99,0.5,0.65915,-3.75942,0.60229,0.55059
0.05,0.03,3.0,0.95,0.5,0.95528,-0.7132,0.22339,0.19824
0.5,0.02,3.0,0.99,0.7,0.26745,-7.16786,0.81094,0.94502
0.5,0.02,4.0,0.99,0.7,0.29045,-7.34857,0.8257,0.94208
0.05,0.03,3.0,0.9,0.7,0.89736,-1.53285,0.2828,0.29302
1.0,0.03,5.0,0.9,0.6,0.83459,-2.28286,0.39758,0.36239
0.1,0.025,5.0,0.9,0.5,0.82732,-2.06858,0.38826,0.33869
1.0,0.025,5.0,0.99,0.5,0.31605,-7.85841,0.84936,0.97789
0.05,0.02,5.0,0.99,0.5,0.76645,-3.14515,0.41797,0.45764
0.05,0.025,3.0,0.9,0.6,0.88163,-1.7416,0.30032,0.31717
1.0,0.03,3.0,0.9,0.5,0.87572,-1.56439,0.30661,0.29656
0.5,0.025,3.0,0.99,0.5,0.33383,-6.82836,0.78784,0.90554
0.5,0.03,5.0,0.99,0.5,0.44118,-6.78797,0.75783,0.85951
0.1,0.03,3.0,0.95,0.7,0.95979,-0.58336,0.21428,0.18322
0.1,0.025,5.0,0.99,0.7,0.70491,-3.86095,0.50874,0.53659
0.1,0.03,4.0,0.95,0.5,0.96146,-0.43966,0.17934,0.16247
0.1,0.025,3.0,0.95,0.7,0.95105,-0.73058,0.22259,0.20025
0.5,0.025,5.0,0.9,0.5,0.93518,-0.82257,0.24375,0.20117
1.0,0.03,3.0,0.9,0.7,0.73516,-2.85174,0.4528,0.44546
0.05,0.025,3.0,0.95,0.6,0.9456,-0.85525,0.22447,0.21457
0.1,0.025,4.0,0.9,0.5,0.86206,-1.82191,0.33569,0.31857
0.1,0.03,3.0,0.99,0.6,0.5767,-4.52969,0.68193,0.6396
0.05,0.025,4.0,0.99,0.6,0.74088,-3.2614,0.52775,0.48087
0.1,0.03,4.0,0.95,0.7,0.95266,-0.61338,0.1861,0.18209
0.01,0.02,4.0,0.95,0.5,0.89966,-1.3698,0.27053,0.26745
0.5,0.03,3.0,0.9,0.7,0.93185,-0.86989,0.23742,0.21625
1.0,0.02,4.0,0.9,0.7,0.65902,-3.63566,0.5511,0.52341
0.5,0.025,3.0,0.95,0.7,0.74692,-2.7908,0.41147,0.4387
0.01,0.025,5.0,0.99,0.5,0.777,-3.18406,0.46767,0.46186
1.0,0.025,5.0,0.95,0.6,0.55761,-4.88523,0.61784,0.6497
0.5,0.02,4.0,0.99,0.5,0.38934,-6.863,0.75735,0.88724
0.5,0.025,5.0,0.9,0.7,0.89998,-1.41682,0.32756,0.26677
0.5,0.02,3.0,0.9,0.6,0.92907,-0.93037,0.24207,0.22326
0.5,0.025,5.0,0.95,0.5,0.88441,-1.76623,0.30586,0.30525
0.1,0.03,5.0,0.95,0.7,0.95284,-0.53887,0.20021,0.16987
0.5,0.025,3.0,0.95,0.5,0.85359,-1.79248,0.32013,0.32316
0.05,0.025,5.0,0.95,0.6,0.90665,-1.19132,0.27492,0.2419
0.5,0.03,4.0,0.99,0.6,0.36725,-6.95729,0.74998,0.89806
0.01,0.03,5.0,0.99,0.5,0.74029,-3.56499,0.50843,0.50388
0.05,0.03,5.0,0.99,0.6,0.69846,-4.00446,0.5324,0.55253
0.05,0.03,3.0,0.9,0.5,0.89957,-1.50777,0.27639,0.28998
1.0,0.02,5.0,0.99,0.5,0.2914,-8.12244,0.8727,1.00699
0.1,0.02,5.0,0.99,0.7,0.79597,-2.87378,0.38814,0.42764
0.1,0.025,3.0,0.99,0.7,0.64428,-4.12516,0.65327,0.59288
0.5,0.03,3.0,0.95,0.5,0.86202,-1.69997,0.32703,0.31232
0.5,0.03,5.0,0.9,0.6,0.937,-0.82424,0.24401,0.20135
1.0,0.02,4.0,0.9,0.5,0.84471,-2.03563,0.36353,0.34257
1.0,0.02,3.0,0.9,0.7,0.63381,-3.65828,0.53616,0.53863
0.05,0.025,5.0,0.95,0.7,0.91579,-1.0538,0.26671,0.22673
0.5,0.02,5.0,0.95,0.6,0.83614,-2.32823,0.38974,0.36752
1.0,0.03,4.0,0.99,0.7,0.22192,-8.22647,0.9081,1.04121
0.1,0.025,4.0,0.95,0.6,0.94341,-0.71661,0.21311,0.19379
1.0,0.025,3.0,0.95,0.5,0.59445,-4.1335,0.53161,0.59372
0.5,0.03,3.0,0.99,0.7,0.29226,-7.1867,0.79834,0.94682
0.1,0.025,4.0,0.99,0.7,0.69189,-3.75825,0.55288,0.53676
0.05,0.02,3.0,0.99,0.7,0.72766,-3.04444,0.46733,0.46813
0.1,0.03,3.0,0.9,0.6,0.89939,-1.50091,0.2745,0.28924
0.1,0.03,4.0,0.9,0.5,0.8739,-1.73428,0.31807,0.30866
46
0.05,0.03,3.0,0.95,0.6,0.95548,-0.62232,0.21916,0.18768
1.0,0.03,4.0,0.99,0.6,0.25512,-8.0798,0.86488,1.0249
1.0,0.03,5.0,0.9,0.7,0.75415,-3.03383,0.48065,0.44526
0.5,0.025,4.0,0.99,0.5,0.40775,-6.73511,0.76077,0.87322
1.0,0.025,4.0,0.95,0.5,0.64,-4.02393,0.5185,0.5668
0.05,0.02,5.0,0.95,0.6,0.88751,-1.39123,0.30149,0.26395
1.0,0.025,4.0,0.9,0.5,0.87921,-1.62264,0.32852,0.29595
0.01,0.03,3.0,0.95,0.7,0.95141,-0.78312,0.23418,0.20636
0.01,0.02,4.0,0.9,0.5,0.82572,-2.11142,0.38382,0.3511
0.05,0.02,5.0,0.95,0.5,0.89191,-1.44485,0.29983,0.26992
0.01,0.025,3.0,0.9,0.7,0.87805,-1.81506,0.31264,0.32556
0.1,0.025,4.0,0.99,0.5,0.7203,-3.45614,0.51495,0.50286
0.05,0.03,5.0,0.9,0.6,0.84467,-1.90456,0.36324,0.32062
0.05,0.03,3.0,0.95,0.7,0.95801,-0.66362,0.22146,0.19241
0.1,0.02,3.0,0.99,0.7,0.67502,-3.52675,0.54218,0.52361
0.5,0.03,3.0,0.95,0.7,0.77365,-2.57707,0.3976,0.41379
0.05,0.02,4.0,0.9,0.6,0.83921,-1.96927,0.36716,0.33514
0.1,0.03,3.0,0.95,0.6,0.95555,-0.59863,0.21855,0.1849
0.1,0.02,5.0,0.95,0.7,0.91143,-1.18281,0.27012,0.24087
1.0,0.02,3.0,0.9,0.5,0.84023,-1.91407,0.34877,0.33709
0.05,0.025,5.0,0.99,0.5,0.78057,-3.15362,0.48458,0.45839
1.0,0.025,5.0,0.9,0.6,0.80645,-2.58822,0.43404,0.39607
0.01,0.02,4.0,0.9,0.6,0.83273,-2.14124,0.37412,0.35469
0.5,0.025,4.0,0.99,0.7,0.31305,-7.18177,0.8057,0.92337
0.1,0.03,5.0,0.9,0.6,0.86354,-1.65533,0.34011,0.29313
0.5,0.02,5.0,0.99,0.7,0.31766,-7.37893,0.82097,0.92489
0.05,0.02,5.0,0.9,0.7,0.79591,-2.37086,0.42038,0.37217
0.1,0.03,3.0,0.9,0.7,0.90492,-1.50688,0.284,0.28996
0.05,0.03,3.0,0.99,0.7,0.58419,-4.73206,0.71169,0.66284
0.1,0.03,4.0,0.95,0.6,0.96238,-0.44404,0.18014,0.16297
0.1,0.03,5.0,0.9,0.5,0.85561,-1.80591,0.34936,0.3097
0.05,0.02,4.0,0.95,0.5,0.89506,-1.43563,0.28424,0.27503
0.01,0.025,4.0,0.9,0.5,0.84611,-2.02117,0.35879,0.34087
0.1,0.03,4.0,0.99,0.6,0.65887,-4.19376,0.61172,0.58621
0.5,0.02,5.0,0.99,0.5,0.42019,-6.78385,0.75177,0.8593
0.1,0.025,5.0,0.95,0.7,0.92874,-0.91285,0.24075,0.21117
0.5,0.03,3.0,0.95,0.6,0.82899,-2.05952,0.35635,0.35379
0.1,0.025,5.0,0.9,0.6,0.82984,-1.97061,0.3765,0.32799
0.01,0.025,4.0,0.9,0.6,0.84827,-2.0161,0.35473,0.34039
0.1,0.03,3.0,0.95,0.5,0.96076,-0.5054,0.20365,0.17405
0.5,0.03,5.0,0.9,0.7,0.92548,-0.97891,0.2641,0.21851
0.1,0.025,5.0,0.9,0.7,0.83774,-1.94908,0.36907,0.32557
1.0,0.03,3.0,0.99,0.6,0.21871,-8.0607,0.89039,1.04822
1.0,0.025,4.0,0.9,0.6,0.79657,-2.4864,0.42127,0.39327
0.01,0.03,3.0,0.99,0.5,0.64124,-4.11471,0.67196,0.59156
0.5,0.02,3.0,0.99,0.5,0.33,-6.88464,0.78458,0.91194
0.5,0.025,4.0,0.99,0.6,0.36181,-7.01123,0.77124,0.90403
0.01,0.02,3.0,0.95,0.5,0.91709,-1.2659,0.26399,0.2621
0.05,0.03,3.0,0.99,0.5,0.58685,-4.34745,0.65367,0.61867
0.05,0.03,5.0,0.9,0.7,0.84044,-1.96198,0.36776,0.32693
0.1,0.02,3.0,0.99,0.6,0.65865,-3.6213,0.52677,0.53462
0.01,0.02,4.0,0.99,0.5,0.81115,-2.48442,0.39488,0.39339
0.01,0.02,4.0,0.99,0.7,0.8463,-2.11941,0.38727,0.3521
1.0,0.03,4.0,0.9,0.7,0.74978,-2.9138,0.46245,0.44181
0.05,0.03,3.0,0.99,0.6,0.61329,-4.26439,0.68177,0.60895
0.01,0.025,3.0,0.95,0.5,0.94616,-0.88284,0.24106,0.21776
0.01,0.03,4.0,0.95,0.7,0.93995,-0.85123,0.21454,0.20892
0.1,0.02,4.0,0.9,0.7,0.8516,-1.91406,0.35084,0.32892
0.01,0.02,5.0,0.99,0.7,0.81776,-2.96786,0.41375,0.43796
0.01,0.025,3.0,0.95,0.7,0.93629,-0.97699,0.2455,0.22865
0.1,0.02,4.0,0.95,0.5,0.91801,-1.10799,0.24453,0.23805
0.01,0.03,5.0,0.95,0.5,0.92788,-0.9014,0.24575,0.2099
0.01,0.03,5.0,0.9,0.6,0.83675,-1.93741,0.37267,0.32429
0.01,0.02,3.0,0.9,0.5,0.87025,-1.82315,0.31682,0.3265
0.01,0.02,3.0,0.99,0.7,0.73869,-2.91088,0.48983,0.45241
0.01,0.02,3.0,0.95,0.6,0.92097,-1.27418,0.25663,0.26306
0.01,0.025,4.0,0.95,0.5,0.93075,-0.95252,0.22922,0.22038
0.01,0.03,5.0,0.95,0.7,0.93647,-0.94528,0.2446,0.21474
0.01,0.025,3.0,0.9,0.6,0.87605,-1.78998,0.3131,0.32266
2.0,0.025,4.0,0.6,0.6,0.88564,-1.41153,0.29342,0.27212
2.0,0.025,3.0,0.6,0.7,0.89565,-1.33177,0.28792,0.26957
2.0,0.025,3.0,0.8,0.6,0.87025,-1.62475,0.33049,0.30348
0.5,0.025,2.0,0.9,0.6,0.93028,-1.02222,0.3134,0.24018
2.0,0.03,2.0,0.7,0.8,0.87446,-1.56273,0.32989,0.30445
1.0,0.02,2.0,0.8,0.6,0.91927,-1.1451,0.30873,0.25483
2.0,0.025,4.0,0.6,0.8,0.85867,-1.68345,0.3509,0.30272
1.0,0.03,4.0,0.8,0.6,0.9342,-0.83068,0.23646,0.20651
1.0,0.03,4.0,0.9,0.6,0.87436,-1.73694,0.32546,0.30883
0.5,0.02,2.0,0.6,0.8,0.88273,-1.91968,0.34667,0.34682
2.0,0.02,4.0,0.9,0.7,0.49908,-4.86154,0.65046,0.66149
1.0,0.02,3.0,0.8,0.6,0.9277,-0.94751,0.24652,0.22504
1.0,0.02,3.0,0.8,0.8,0.86382,-1.69232,0.35023,0.3113
2.0,0.03,2.0,0.9,0.8,0.47898,-4.59321,0.60348,0.66442
0.5,0.02,4.0,0.8,0.7,0.88898,-1.40769,0.29007,0.2717
2.0,0.03,4.0,0.6,0.6,0.88982,-1.37243,0.28836,0.26773
0.5,0.02,3.0,0.9,0.8,0.9032,-1.25655,0.28386,0.26091
0.5,0.03,3.0,0.8,0.7,0.92324,-1.13868,0.222,0.24725
2.0,0.03,4.0,0.8,0.7,0.848,-1.95916,0.37872,0.33389
1.0,0.03,4.0,0.8,0.7,0.91684,-1.08609,0.27748,0.23537
2.0,0.03,2.0,0.7,0.7,0.90096,-1.31973,0.30826,0.27555
2.0,0.025,4.0,0.9,0.8,0.47346,-5.04554,0.66402,0.68184
0.5,0.02,2.0,0.6,0.6,0.87809,-2.02511,0.3673,0.3593
2.0,0.03,2.0,0.7,0.6,0.92373,-1.12034,0.29815,0.25193
0.5,0.025,2.0,0.8,0.8,0.92227,-1.29603,0.29743,0.27267
1.0,0.02,4.0,0.8,0.7,0.88836,-1.45535,0.33043,0.27707
1.0,0.03,3.0,0.6,0.7,0.89211,-1.53248,0.27586,0.29275
0.5,0.025,2.0,0.9,0.7,0.92575,-1.05919,0.31298,0.2446
2.0,0.03,4.0,0.9,0.7,0.61883,-4.00716,0.5414,0.56492
1.0,0.025,2.0,0.9,0.8,0.67066,-3.18587,0.49151,0.49732
1.0,0.03,3.0,0.9,0.8,0.74044,-2.82174,0.4371,0.44163
1.0,0.03,2.0,0.9,0.6,0.81871,-2.01936,0.41767,0.35893
2.0,0.02,4.0,0.9,0.8,0.41267,-5.45861,0.72065,0.72892
0.5,0.02,2.0,0.9,0.7,0.91355,-1.16789,0.31821,0.25752
2.0,0.02,4.0,0.9,0.6,0.60783,-4.09255,0.57165,0.5746
0.5,0.03,2.0,0.7,0.8,0.90063,-1.73665,0.34121,0.32505
2.0,0.03,2.0,0.9,0.6,0.61869,-3.62411,0.52642,0.54918
2.0,0.025,2.0,0.8,0.8,0.72607,-2.76949,0.45236,0.44765
2.0,0.025,3.0,0.9,0.7,0.54306,-4.35288,0.58765,0.61892
1.0,0.03,2.0,0.9,0.8,0.69351,-3.02568,0.46696,0.47836
1.0,0.03,2.0,0.8,0.7,0.91705,-1.15525,0.31237,0.2561
2.0,0.03,4.0,0.9,0.8,0.53193,-4.62127,0.61655,0.63412
2.0,0.03,4.0,0.6,0.8,0.87244,-1.54169,0.3279,0.28677
0.5,0.02,4.0,0.6,0.6,0.81669,-2.21555,0.39854,0.36287
1.0,0.02,2.0,0.7,0.7,0.9176,-1.26005,0.29205,0.2684
2.0,0.025,3.0,0.9,0.6,0.62102,-3.80773,0.50974,0.55558
2.0,0.03,3.0,0.7,0.7,0.90716,-1.19021,0.27973,0.25321
2.0,0.03,2.0,0.6,0.8,0.90428,-1.33569,0.29249,0.27741
1.0,0.025,3.0,0.8,0.6,0.93419,-0.87676,0.23111,0.21699
0.5,0.025,3.0,0.6,0.6,0.85245,-2.03076,0.34268,0.3504
1.0,0.025,2.0,0.6,0.6,0.91046,-1.57628,0.32051,0.30582
2.0,0.03,4.0,0.8,0.8,0.78826,-2.53048,0.43781,0.39844
1.0,0.025,4.0,0.9,0.6,0.85195,-1.98127,0.35906,0.33627
2.0,0.02,2.0,0.7,0.8,0.81295,-2.08631,0.39031,0.36657
1.0,0.03,4.0,0.6,0.6,0.86038,-1.77627,0.33913,0.31331
2.0,0.03,2.0,0.8,0.8,0.76675,-2.45246,0.41596,0.40991
1.0,0.03,2.0,0.9,0.7,0.75818,-2.53571,0.43987,0.41989
1.0,0.03,2.0,0.6,0.8,0.9097,-1.47787,0.30327,0.29432
1.0,0.02,4.0,0.6,0.6,0.86477,-1.67966,0.32826,0.30227
0.5,0.02,4.0,0.9,0.7,0.92084,-1.08994,0.28013,0.23576
2.0,0.03,3.0,0.7,0.8,0.87957,-1.51357,0.32406,0.2906
0.5,0.025,4.0,0.9,0.8,0.91781,-1.13318,0.27968,0.24067
1.0,0.03,3.0,0.7,0.6,0.91989,-1.18641,0.2365,0.2528
1.0,0.025,3.0,0.7,0.7,0.91151,-1.21138,0.25065,0.2557
2.0,0.025,3.0,0.8,0.8,0.73064,-2.87471,0.47026,0.44778
0.5,0.03,4.0,0.7,0.7,0.85124,-1.8936,0.35243,0.32648
1.0,0.02,4.0,0.8,0.8,0.85275,-1.82862,0.3747,0.31917
1.0,0.03,4.0,0.9,0.8,0.76611,-2.75982,0.43665,0.42426
2.0,0.025,4.0,0.8,0.8,0.74013,-2.9418,0.48919,0.44492
0.5,0.03,3.0,0.9,0.8,0.93421,-0.84194,0.23446,0.21289
2.0,0.02,3.0,0.9,0.7,0.46808,-4.8967,0.65215,0.68153
1.0,0.03,3.0,0.8,0.8,0.90322,-1.23543,0.2822,0.25857
0.5,0.02,3.0,0.8,0.8,0.90585,-1.29209,0.25604,0.26494
1.0,0.02,3.0,0.6,0.8,0.88427,-1.51383,0.28686,0.29071
2.0,0.025,3.0,0.6,0.8,0.87977,-1.49178,0.3187,0.28808
1.0,0.02,4.0,0.9,0.8,0.65198,-3.65848,0.54312,0.52574
1.0,0.03,2.0,0.6,0.7,0.91154,-1.54742,0.31845,0.30253
0.5,0.03,2.0,0.7,0.7,0.90395,-1.72499,0.34606,0.32363
1.0,0.03,3.0,0.8,0.6,0.94371,-0.75298,0.21115,0.20261
0.5,0.025,3.0,0.6,0.8,0.8542,-1.9943,0.34042,0.34632
2.0,0.03,3.0,0.6,0.8,0.89293,-1.36014,0.29201,0.2728
2.0,0.03,3.0,0.8,0.6,0.8938,-1.35339,0.29722,0.2721
2.0,0.02,3.0,0.6,0.6,0.90009,-1.29148,0.27829,0.26492
2.0,0.02,3.0,0.9,0.8,0.39361,-5.42067,0.71486,0.74223
1.0,0.025,2.0,0.7,0.8,0.91206,-1.29416,0.29122,0.27252
1.0,0.02,2.0,0.7,0.8,0.9045,-1.34269,0.29569,0.27827
1.0,0.02,2.0,0.9,0.8,0.61857,-3.56646,0.5347,0.5422
1.0,0.03,4.0,0.7,0.7,0.89501,-1.32597,0.28159,0.26239
1.0,0.02,3.0,0.7,0.7,0.90568,-1.23582,0.26904,0.25845
0.5,0.03,2.0,0.6,0.7,0.88409,-1.9925,0.37052,0.35553
2.0,0.02,3.0,0.6,0.7,0.88537,-1.42749,0.31076,0.28062
1.0,0.025,2.0,0.9,0.7,0.72386,-2.80025,0.46117,0.45115
0.5,0.025,3.0,0.9,0.6,0.94965,-0.64152,0.21805,0.18982
0.5,0.03,3.0,0.6,0.8,0.85696,-1.96123,0.33492,0.34235
2.0,0.025,2.0,0.6,0.8,0.89136,-1.43473,0.30789,0.2891
1.0,0.025,2.0,0.7,0.6,0.92876,-1.28343,0.30142,0.27107
0.5,0.02,4.0,0.6,0.7,0.819,-2.16123,0.39493,0.35667
0.5,0.03,3.0,0.6,0.7,0.85667,-1.98581,0.3361,0.34513
2.0,0.03,4.0,0.7,0.8,0.86276,-1.74639,0.36625,0.30993
1.0,0.03,4.0,0.8,0.8,0.89834,-1.33397,0.31106,0.26334
0.5,0.02,2.0,0.8,0.6,0.9227,-1.47498,0.33087,0.29409
0.5,0.025,3.0,0.9,0.8,0.92013,-1.04013,0.2542,0.23587
1.0,0.03,2.0,0.7,0.7,0.92605,-1.27424,0.29756,0.27003
1.0,0.025,4.0,0.6,0.6,0.86059,-1.7519,0.33656,0.31051
1.0,0.02,3.0,0.6,0.6,0.89328,-1.49368,0.27498,0.28814
1.0,0.025,2.0,0.8,0.7,0.91313,-1.19481,0.31092,0.26079
0.5,0.025,4.0,0.6,0.7,0.82053,-2.19918,0.39243,0.36101
1.0,0.025,4.0,0.7,0.6,0.88908,-1.40319,0.28859,0.27124
0.5,0.03,4.0,0.6,0.7,0.82189,-2.1796,0.38989,0.35886
0.5,0.025,4.0,0.7,0.6,0.84503,-1.94075,0.36027,0.33188
0.5,0.03,3.0,0.7,0.7,0.88296,-1.72133,0.29416,0.31459
0.5,0.03,2.0,0.8,0.8,0.9264,-1.3085,0.30645,0.27419
0.5,0.025,4.0,0.8,0.6,0.89348,-1.40391,0.29024,0.27131
0.5,0.02,4.0,0.8,0.6,0.88533,-1.48139,0.29913,0.28
0.5,0.03,4.0,0.8,0.7,0.89627,-1.37121,0.28266,0.26759
0.5,0.02,2.0,0.7,0.6,0.89905,-1.71677,0.33364,0.32273
1.0,0.02,4.0,0.6,0.8,0.85959,-1.66661,0.32784,0.30076
1.0,0.02,2.0,0.9,0.6,0.76078,-2.51366,0.43727,0.41729
1.0,0.02,3.0,0.7,0.8,0.89307,-1.34955,0.29319,0.27161
1.0,0.03,4.0,0.6,0.8,0.86192,-1.6948,0.32531,0.30403
1.0,0.02,3.0,0.8,0.7,0.8975,-1.30377,0.30205,0.26636
1.0,0.025,4.0,0.8,0.6,0.92386,-0.96905,0.25734,0.22212
2.0,0.02,2.0,0.6,0.6,0.91616,-1.26329,0.2871,0.26877
0.5,0.03,4.0,0.6,0.8,0.82438,-2.16387,0.38651,0.35706
1.0,0.03,3.0,0.6,0.6,0.8897,-1.59326,0.28205,0.29985
2.0,0.02,2.0,0.8,0.6,0.81202,-2.0864,0.38608,0.36654
0.5,0.02,2.0,0.7,0.7,0.90053,-1.70373,0.33069,0.3211
1.0,0.03,4.0,0.7,0.8,0.8861,-1.39835,0.29742,0.27065
1.0,0.025,4.0,0.9,0.8,0.71222,-3.20952,0.49405,0.47476
0.5,0.025,3.0,0.8,0.7,0.91392,-1.26531,0.24009,0.26185
2.0,0.02,4.0,0.7,0.7,0.84806,-1.86026,0.38079,0.32273
1.0,0.025,4.0,0.6,0.8,0.8606,-1.69131,0.32435,0.30367
1.0,0.025,2.0,0.8,0.8,0.88164,-1.49019,0.32852,0.29578
1.0,0.03,3.0,0.6,0.8,0.88987,-1.50059,0.2766,0.28905
2.0,0.025,3.0,0.7,0.7,0.88768,-1.43589,0.31271,0.28143
2.0,0.02,4.0,0.8,0.6,0.83779,-2.05958,0.39633,0.34528
0.5,0.025,3.0,0.7,0.7,0.87565,-1.74471,0.3049,0.31735
1.0,0.02,4.0,0.8,0.6,0.91197,-1.1227,0.28248,0.23952
1.0,0.03,3.0,0.7,0.8,0.91011,-1.21615,0.25191,0.25618
2.0,0.02,2.0,0.8,0.8,0.65953,-3.24242,0.50796,0.50386
2.0,0.02,3.0,0.7,0.6,0.90085,-1.2644,0.2902,0.26181
1.0,0.02,3.0,0.9,0.6,0.80276,-2.30179,0.37649,0.3816
1.0,0.02,2.0,0.8,0.8,0.85227,-1.75819,0.35171,0.32747
0.5,0.03,2.0,0.6,0.6,0.88086,-2.01956,0.37303,0.35863
1.0,0.03,2.0,0.7,0.8,0.9187,-1.26252,0.29405,0.26867
0.5,0.03,4.0,0.7,0.6,0.84948,-1.93321,0.35589,0.33094
0.5,0.025,3.0,0.8,0.8,0.91081,-1.27182,0.24575,0.26258
0.5,0.03,4.0,0.6,0.6,0.81894,-2.19862,0.39477,0.361
2.0,0.03,2.0,0.8,0.6,0.87211,-1.54966,0.3479,0.30278
2.0,0.025,2.0,0.9,0.8,0.43056,-4.94306,0.65012,0.70567
2.0,0.025,4.0,0.8,0.7,0.81034,-2.29045,0.41625,0.37131
2.0,0.03,3.0,0.8,0.8,0.79624,-2.33237,0.40757,0.38542
0.5,0.025,2.0,0.7,0.8,0.90041,-1.74767,0.34348,0.32632
1.0,0.025,2.0,0.7,0.7,0.92391,-1.23203,0.29169,0.26505
2.0,0.03,2.0,0.8,0.7,0.82487,-1.97444,0.3782,0.35351
2.0,0.03,3.0,0.6,0.6,0.91114,-1.23132,0.24861,0.25804
2.0,0.02,4.0,0.8,0.7,0.7577,-2.75065,0.46714,0.42309
0.5,0.03,4.0,0.9,0.8,0.93341,-0.88203,0.24767,0.21238
2.0,0.02,2.0,0.9,0.6,0.53076,-4.26019,0.58382,0.62494
1.0,0.03,2.0,0.8,0.6,0.93526,-1.01726,0.29642,0.23962
1.0,0.025,4.0,0.8,0.8,0.87933,-1.52494,0.33831,0.28499
2.0,0.02,2.0,0.7,0.7,0.85987,-1.69184,0.34627,0.3198
2.0,0.03,4.0,0.8,0.6,0.89878,-1.3959,0.31282,0.27029
2.0,0.03,3.0,0.9,0.8,0.51242,-4.58248,0.59539,0.64528
2.0,0.025,4.0,0.6,0.7,0.87651,-1.49607,0.32146,0.28161
2.0,0.03,4.0,0.6,0.7,0.88457,-1.41355,0.29782,0.27235
2.0,0.02,2.0,0.6,0.8,0.87258,-1.59108,0.33001,0.30786
1.0,0.025,4.0,0.8,0.7,0.90675,-1.19536,0.2939,0.24768
0.5,0.02,3.0,0.7,0.8,0.87836,-1.69406,0.29847,0.31141
0.5,0.025,2.0,0.8,0.6,0.92648,-1.44703,0.33248,0.29082
1.0,0.03,3.0,0.7,0.7,0.91683,-1.162,0.2395,0.24997
0.5,0.02,3.0,0.6,0.8,0.85714,-1.93746,0.33427,0.33948
2.0,0.03,4.0,0.7,0.6,0.91034,-1.12929,0.27454,0.2403
2.0,0.02,3.0,0.8,0.7,0.76746,-2.56857,0.44316,0.41254
0.5,0.03,2.0,0.9,0.6,0.93204,-1.02721,0.31634,0.24078
0.5,0.03,3.0,0.8,0.8,0.91938,-1.16835,0.23076,0.25069
2.0,0.02,4.0,0.6,0.7,0.86196,-1.64946,0.34515,0.2989
0.5,0.025,2.0,0.9,0.8,0.90696,-1.22657,0.32921,0.26445
0.5,0.02,2.0,0.8,0.7,0.92235,-1.32005,0.29889,0.27543
0.5,0.025,4.0,0.7,0.8,0.84524,-1.91032,0.35671,0.32842
1.0,0.02,4.0,0.7,0.7,0.88679,-1.38669,0.29868,0.26929
2.0,0.025,2.0,0.7,0.8,0.8437,-1.85854,0.36466,0.33962
1.0,0.025,3.0,0.9,0.6,0.84297,-1.91104,0.3376,0.33641
1.0,0.025,3.0,0.6,0.8,0.88891,-1.4844,0.2783,0.28723
2.0,0.025,2.0,0.7,0.7,0.88533,-1.46932,0.31839,0.29355
1.0,0.03,2.0,0.7,0.6,0.9279,-1.3249,0.31057,0.27622
2.0,0.02,4.0,0.8,0.8,0.68063,-3.38424,0.53871,0.49468
1.0,0.03,4.0,0.7,0.6,0.8967,-1.32958,0.27886,0.26285
1.0,0.02,4.0,0.9,0.6,0.81286,-2.35975,0.40394,0.37907
2.0,0.03,3.0,0.6,0.7,0.90167,-1.28601,0.2706,0.26438
2.0,0.03,2.0,0.6,0.6,0.9242,-1.27169,0.29731,0.26997
2.0,0.025,2.0,0.9,0.7,0.4885,-4.54407,0.59953,0.65876
1.0,0.02,2.0,0.6,0.7,0.91132,-1.43979,0.2955,0.2898
1.0,0.02,2.0,0.6,0.6,0.91354,-1.49516,0.31187,0.2964
0.5,0.02,3.0,0.8,0.7,0.90901,-1.25293,0.25755,0.26057
2.0,0.02,3.0,0.8,0.8,0.67422,-3.27404,0.52163,0.49401
2.0,0.02,2.0,0.9,0.8,0.37086,-5.38552,0.71406,0.75869
1.0,0.02,2.0,0.9,0.7,0.68022,-3.13144,0.4836,0.49086
2.0,0.02,4.0,0.7,0.6,0.88417,-1.45871,0.33096,0.27735
1.0,0.02,2.0,0.7,0.6,0.92688,-1.24642,0.29342,0.26681
0.5,0.02,2.0,0.9,0.6,0.93199,-1.00091,0.30529,0.2377
2.0,0.025,3.0,0.7,0.8,0.85457,-1.7779,0.36182,0.32109
0.5,0.02,4.0,0.8,0.8,0.88592,-1.43872,0.29474,0.27512
2.0,0.02,3.0,0.9,0.6,0.57208,-4.14994,0.56669,0.59546
0.5,0.02,2.0,0.9,0.8,0.89187,-1.37505,0.32933,0.28203
0.5,0.02,3.0,0.6,0.6,0.85284,-1.99761,0.34324,0.34653
2.0,0.02,4.0,0.6,0.6,0.88051,-1.45092,0.30984,0.27651
2.0,0.02,3.0,0.8,0.6,0.82976,-2.01563,0.37783,0.34861
2.0,0.02,4.0,0.6,0.8,0.83768,-1.92532,0.38991,0.33002
2.0,0.02,2.0,0.8,0.7,0.73739,-2.67558,0.45197,0.4366
1.0,0.025,3.0,0.6,0.6,0.88856,-1.6137,0.28678,0.30233
2.0,0.03,3.0,0.9,0.7,0.59021,-4.02335,0.53626,0.58058
0.5,0.03,4.0,0.9,0.6,0.95584,-0.50236,0.20221,0.16947
2.0,0.025,4.0,0.8,0.6,0.8645,-1.75761,0.36109,0.3112
1.0,0.03,4.0,0.9,0.7,0.8228,-2.24133,0.38154,0.36563
0.5,0.02,4.0,0.7,0.7,0.84055,-1.9567,0.36552,0.3337
2.0,0.02,2.0,0.7,0.6,0.90013,-1.31833,0.30462,0.27526
2.0,0.02,3.0,0.7,0.7,0.85753,-1.72561,0.35517,0.31504
2.0,0.025,2.0,0.7,0.6,0.9108,-1.2273,0.30389,0.26453
2.0,0.02,2.0,0.9,0.7,0.45698,-4.76357,0.64275,0.68445
2.0,0.02,4.0,0.7,0.8,0.80617,-2.28067,0.43073,0.37009
1.0,0.02,4.0,0.7,0.6,0.89395,-1.32945,0.28393,0.2628
1.0,0.025,3.0,0.9,0.7,0.77223,-2.55503,0.41341,0.41103
0.5,0.03,3.0,0.9,0.6,0.95634,-0.54008,0.21196,0.17801
1.0,0.02,4.0,0.7,0.8,0.87047,-1.55733,0.32973,0.28858
0.5,0.03,4.0,0.9,0.7,0.94742,-0.66422,0.21804,0.18781
0.5,0.025,2.0,0.7,0.7,0.89967,-1.78053,0.35132,0.33041
2.0,0.02,3.0,0.6,0.8,0.86142,-1.68487,0.35398,0.31037
0.5,0.025,2.0,0.6,0.6,0.8786,-1.98493,0.36209,0.35467
0.5,0.02,2.0,0.7,0.8,0.89767,-1.68841,0.32402,0.31951
0.5,0.03,4.0,0.7,0.8,0.85399,-1.85087,0.34681,0.32167
0.5,0.025,4.0,0.8,0.7,0.89408,-1.38362,0.28293,0.26891
2.0,0.025,3.0,0.7,0.6,0.9126,-1.14114,0.26799,0.24739
2.0,0.025,2.0,0.8,0.7,0.78521,-2.32137,0.40332,0.39455
1.0,0.025,2.0,0.6,0.8,0.90788,-1.46805,0.29652,0.29324
0.5,0.03,3.0,0.8,0.6,0.92104,-1.24454,0.24106,0.25945
2.0,0.025,2.0,0.6,0.7,0.90774,-1.32225,0.28945,0.2759
2.0,0.025,4.0,0.7,0.6,0.90123,-1.24208,0.29365,0.25289
0.5,0.02,3.0,0.7,0.6,0.87422,-1.78084,0.31206,0.32144
2.0,0.03,3.0,0.7,0.6,0.92546,-0.98862,0.24653,0.22988
2.0,0.025,3.0,0.8,0.7,0.81153,-2.19654,0.39534,0.36961
1.0,0.02,2.0,0.6,0.8,0.90544,-1.438,0.28748,0.28968
1.0,0.03,3.0,0.8,0.7,0.92738,-0.95272,0.24338,0.2256
2.0,0.03,4.0,0.7,0.7,0.8893,-1.39827,0.31802,0.27062
2.0,0.025,2.0,0.9,0.6,0.59731,-3.77018,0.5289,0.56654
0.5,0.025,3.0,0.7,0.6,0.87913,-1.75919,0.30088,0.31892
2.0,0.03,3.0,0.9,0.6,0.67409,-3.40833,0.46066,0.50961
0.5,0.025,4.0,0.6,0.6,0.81717,-2.22021,0.39703,0.3634
1.0,0.025,3.0,0.7,0.6,0.9171,-1.1922,0.23955,0.25342
1.0,0.025,3.0,0.8,0.7,0.91886,-1.049,0.26057,0.23688
1.0,0.02,3.0,0.7,0.6,0.91448,-1.21053,0.24757,0.25558
2.0,0.025,4.0,0.9,0.6,0.65981,-3.70692,0.52028,0.53103
1.0,0.025,2.0,0.6,0.7,0.91141,-1.48423,0.30418,0.29515
2.0,0.03,2.0,0.9,0.7,0.54143,-4.17377,0.56009,0.61451
1.0,0.025,4.0,0.6,0.7,0.86316,-1.68955,0.32642,0.30351
0.5,0.025,4.0,0.6,0.8,0.81991,-2.16253,0.39001,0.35688
1.0,0.02,4.0,0.9,0.7,0.72495,-3.11234,0.48246,0.46414
1.0,0.03,4.0,0.6,0.7,0.86422,-1.69208,0.32738,0.30378
1.0,0.03,3.0,0.9,0.7,0.80913,-2.23288,0.37037,0.37371
0.5,0.025,4.0,0.8,0.8,0.89071,-1.38564,0.28553,0.26919
1.0,0.02,3.0,0.6,0.7,0.89169,-1.46344,0.27634,0.28477
1.0,0.02,3.0,0.9,0.8,0.64552,-3.53737,0.52787,0.52444
1.0,0.025,3.0,0.7,0.8,0.90288,-1.26477,0.273,0.26174
1.0,0.025,4.0,0.7,0.8,0.88231,-1.43419,0.30647,0.27462
0.5,0.02,3.0,0.9,0.7,0.92049,-1.03359,0.25625,0.23509
1.0,0.025,4.0,0.7,0.7,0.88591,-1.40341,0.29689,0.27123
1.0,0.03,2.0,0.6,0.6,0.90927,-1.63083,0.33406,0.31249
0.5,0.03,4.0,0.8,0.8,0.89571,-1.33793,0.27872,0.26383
2.0,0.025,4.0,0.7,0.7,0.86939,-1.6367,0.35213,0.29756
2.0,0.025,4.0,0.9,0.7,0.57124,-4.34212,0.59008,0.60273
2.0,0.03,2.0,0.6,0.7,0.91561,-1.27538,0.29297,0.27033
1.0,0.025,3.0,0.6,0.7,0.89326,-1.48667,0.27444,0.28752
2.0,0.02,2.0,0.6,0.7,0.89725,-1.38465,0.29815,0.28312
2.0,0.025,3.0,0.6,0.6,0.90946,-1.2118,0.25567,0.25569
1.0,0.025,3.0,0.8,0.8,0.88704,-1.43644,0.31306,0.28156
0.5,0.025,3.0,0.9,0.7,0.93379,-0.85786,0.23575,0.21476
1.0,0.02,2.0,0.8,0.7,0.89516,-1.35498,0.31961,0.2797
1.0,0.025,3.0,0.9,0.8,0.70836,-3.06897,0.4699,0.47038
0.5,0.03,4.0,0.8,0.6,0.89886,-1.37383,0.28014,0.26766
0.5,0.025,4.0,0.9,0.7,0.93562,-0.87203,0.25138,0.21122
0.5,0.02,2.0,0.6,0.7,0.88149,-1.97269,0.35909,0.35306
2.0,0.03,3.0,0.8,0.7,0.84115,-1.91636,0.35947,0.33723
1.0,0.02,4.0,0.6,0.7,0.86319,-1.65588,0.32344,0.29969
1.0,0.03,2.0,0.8,0.8,0.89802,-1.3336,0.32086,0.27715
1.0,0.03,3.0,0.9,0.6,0.8572,-1.74486,0.3211,0.31721
2.0,0.025,2.0,0.6,0.6,0.92233,-1.25189,0.2904,0.26744
0.5,0.02,4.0,0.9,0.8,0.90247,-1.26776,0.30212,0.25587
2.0,0.03,4.0,0.9,0.6,0.69741,-3.4334,0.47615,0.50016
0.5,0.03,2.0,0.7,0.6,0.89938,-1.79477,0.35456,0.33199
2.0,0.025,4.0,0.7,0.8,0.83671,-1.98393,0.39743,0.33655
2.0,0.025,2.0,0.8,0.6,0.85329,-1.72478,0.35954,0.32371
2.0,0.02,3.0,0.7,0.8,0.81171,-2.17331,0.41219,0.36694
1.0,0.025,4.0,0.9,0.7,0.79601,-2.51718,0.41373,0.39686
0.5,0.025,3.0,0.8,0.6,0.91469,-1.33178,0.24977,0.26959
1.0,0.02,3.0,0.9,0.7,0.72646,-2.93143,0.45789,0.45435
2.0,0.025,3.0,0.9,0.8,0.46307,-4.92414,0.64941,0.6851
0.5,0.02,4.0,0.9,0.6,0.94425,-0.68068,0.21812,0.18966
0.5,0.03,2.0,0.6,0.8,0.8831,-1.94357,0.35669,0.34978
0.5,0.025,2.0,0.7,0.6,0.89831,-1.83103,0.36135,0.33634
0.5,0.03,3.0,0.9,0.7,0.94583,-0.68565,0.21758,0.19482
0.5,0.025,4.0,0.7,0.7,0.84739,-1.91168,0.35653,0.32851
0.5,0.02,4.0,0.7,0.8,0.8469,-1.87796,0.35278,0.32464
1.0,0.025,2.0,0.8,0.6,0.93027,-1.0297,0.29623,0.241
0.5,0.03,3.0,0.6,0.6,0.85541,-2.01561,0.34009,0.34859
0.5,0.03,2.0,0.9,0.8,0.91249,-1.16394,0.32585,0.25705
0.5,0.025,2.0,0.8,0.7,0.92443,-1.36422,0.31216,0.28093
0.5,0.02,3.0,0.6,0.7,0.85139,-2.02893,0.34406,0.3502
0.5,0.025,4.0,0.9,0.6,0.95204,-0.58363,0.21021,0.17871
0.5,0.025,2.0,0.6,0.8,0.88237,-1.94195,0.3539,0.34941
0.5,0.025,3.0,0.7,0.8,0.87885,-1.69354,0.29834,0.31133
0.5,0.03,3.0,0.7,0.6,0.87881,-1.7548,0.30142,0.31853
0.5,0.03,2.0,0.9,0.7,0.921,-1.09405,0.32191,0.24874
0.5,0.03,2.0,0.8,0.7,0.92826,-1.33576,0.31415,0.27744
0.5,0.03,2.0,0.8,0.6,0.92765,-1.3488,0.31547,0.27912
0.5,0.02,2.0,0.8,0.8,0.91831,-1.37325,0.3018,0.28189
0.5,0.025,3.0,0.6,0.7,0.85543,-1.98301,0.33913,0.34487
0.5,0.02,3.0,0.9,0.6,0.94782,-0.6713,0.21983,0.19321
0.5,0.02,3.0,0.7,0.7,0.87607,-1.73958,0.30553,0.3168
0.5,0.02,4.0,0.6,0.8,0.82058,-2.14154,0.39107,0.3544
0.5,0.03,3.0,0.7,0.8,0.8813,-1.70404,0.29477,0.31273
0.5,0.025,2.0,0.6,0.7,0.88182,-1.93679,0.35369,0.3488
1.0,0.025,2.0,0.9,0.6,0.79436,-2.22847,0.42778,0.38368
0.5,0.02,3.0,0.8,0.6,0.90928,-1.29674,0.24832,0.2656
0.5,0.02,4.0,0.7,0.6,0.83814,-2.0163,0.37296,0.3404
0.1,0.025,10.0,0.9,0.6,0.77948,-2.5117,0.42777,0.35773
1.0,0.03,4.0,0.99,0.6,0.27448,-8.161,0.85258,1.03317
1.0,0.03,4.0,0.95,0.4,0.75684,-3.04752,0.42766,0.45661
1.0,0.025,4.0,0.99,0.4,0.33084,-7.91909,0.89983,1.0062
1.0,0.025,10.0,0.95,0.4,0.83717,-3.35424,0.45216,0.44286
0.25,0.025,5.0,0.9,0.6,0.9117,-1.11753,0.2665,0.23375
0.1,0.03,10.0,0.95,0.6,0.93999,-1.06455,0.23779,0.2103
1.0,0.025,5.0,0.95,0.6,0.64156,-4.20757,0.53943,0.57483
0.1,0.03,4.0,0.95,0.4,0.97566,-0.20497,0.17071,0.13599
1.0,0.025,10.0,0.95,0.6,0.68122,-4.69046,0.58201,0.57983
0.5,0.03,4.0,0.9,0.6,0.95924,-0.46747,0.19491,0.16553
0.1,0.025,4.0,0.9,0.4,0.89507,-1.49847,0.2877,0.28187
0.5,0.025,10.0,0.95,0.6,0.88993,-2.39426,0.3827,0.34574
1.0,0.03,10.0,0.9,0.6,0.88101,-2.36242,0.39054,0.34157
0.1,0.03,10.0,0.95,0.5,0.93548,-1.17483,0.2511,0.22135
0.5,0.025,4.0,0.9,0.4,0.95972,-0.47643,0.18254,0.16659
0.25,0.025,5.0,0.95,0.4,0.97222,-0.22424,0.17146,0.13513
0.25,0.025,4.0,0.99,0.4,0.52912,-5.52059,0.75319,0.73589
0.5,0.025,5.0,0.99,0.6,0.41647,-6.83302,0.74059,0.86513
0.25,0.03,10.0,0.9,0.4,0.83553,-2.03113,0.37225,0.30852
0.5,0.025,4.0,0.95,0.6,0.85341,-1.98267,0.32572,0.33665
0.5,0.025,10.0,0.99,0.4,0.56696,-6.97529,0.7488,0.81144
0.25,0.025,5.0,0.9,0.4,0.90295,-1.23189,0.28238,0.24638
0.1,0.025,4.0,0.9,0.6,0.88988,-1.50221,0.29313,0.28233
0.25,0.025,5.0,0.9,0.5,0.90812,-1.14674,0.27752,0.23706
0.1,0.03,4.0,0.9,0.6,0.91808,-1.13026,0.2462,0.24037
1.0,0.03,5.0,0.99,0.5,0.3482,-7.93222,0.84026,0.98607
1.0,0.03,5.0,0.9,0.6,0.88011,-1.8023,0.33849,0.30933
0.25,0.025,10.0,0.9,0.4,0.82245,-2.1444,0.38524,0.32013
1.0,0.03,5.0,0.99,0.4,0.37588,-7.72104,0.85924,0.96287
1.0,0.03,10.0,0.9,0.5,0.92292,-1.78136,0.3213,0.28331
0.25,0.025,5.0,0.95,0.6,0.96609,-0.39198,0.18775,0.15369
1.0,0.03,10.0,0.95,0.6,0.71813,-4.46865,0.54736,0.55664
0.25,0.025,10.0,0.9,0.5,0.81581,-2.21361,0.38938,0.32636
0.1,0.025,10.0,0.95,0.6,0.91154,-1.37769,0.27994,0.24219
1.0,0.025,5.0,0.9,0.5,0.91324,-1.33879,0.29899,0.25824
0.25,0.03,4.0,0.95,0.4,0.96288,-0.45046,0.18371,0.16365
1.0,0.03,4.0,0.9,0.6,0.87627,-1.66917,0.31844,0.30122
1.0,0.025,5.0,0.9,0.6,0.86314,-1.93552,0.36251,0.3241
0.25,0.03,4.0,0.99,0.5,0.48972,-5.96272,0.79752,0.78575
0.25,0.025,4.0,0.95,0.4,0.96963,-0.26277,0.16608,0.14246
0.25,0.025,4.0,0.99,0.6,0.49551,-5.69659,0.69681,0.75547
0.1,0.025,5.0,0.95,0.6,0.96449,-0.38687,0.18925,0.15314
0.5,0.025,10.0,0.99,0.6,0.52885,-7.05099,0.7484,0.81965
0.25,0.025,4.0,0.99,0.5,0.51934,-5.59419,0.74573,0.74397
0.25,0.03,10.0,0.9,0.6,0.85425,-1.87761,0.34759,0.29286
0.5,0.025,5.0,0.95,0.4,0.93405,-1.09497,0.24232,0.2313
0.25,0.03,4.0,0.9,0.6,0.94063,-0.87512,0.22089,0.21153
1.0,0.025,4.0,0.9,0.5,0.90847,-1.30448,0.28373,0.26
0.1,0.03,5.0,0.99,0.4,0.59353,-5.42699,0.71611,0.70949
0.5,0.03,4.0,0.9,0.4,0.96584,-0.33194,0.17467,0.15032
1.0,0.03,10.0,0.99,0.5,0.43776,-8.06877,0.8227,0.92444
0.5,0.025,10.0,0.95,0.5,0.91896,-2.22342,0.36535,0.32831
0.25,0.025,5.0,0.99,0.5,0.55578,-5.50878,0.68442,0.71847
0.1,0.03,5.0,0.9,0.4,0.89836,-1.33001,0.28793,0.25722
0.1,0.025,4.0,0.99,0.4,0.62259,-4.49981,0.65837,0.6205
0.1,0.03,4.0,0.99,0.5,0.53762,-5.42667,0.74868,0.72486
0.25,0.03,5.0,0.99,0.5,0.52343,-6.03567,0.75109,0.77654
0.1,0.03,5.0,0.95,0.4,0.97112,-0.21595,0.16602,0.13427
0.25,0.025,10.0,0.95,0.6,0.94091,-1.2925,0.26665,0.23334
0.25,0.03,4.0,0.99,0.6,0.49198,-6.14114,0.81118,0.80564
0.5,0.025,10.0,0.9,0.4,0.87953,-1.67957,0.31708,0.27255
0.25,0.025,4.0,0.95,0.5,0.97268,-0.16952,0.17113,0.13197
0.25,0.03,4.0,0.99,0.4,0.49907,-6.12442,0.8364,0.80386
0.1,0.03,10.0,0.95,0.4,0.93954,-1.13944,0.24833,0.21786
0.5,0.03,4.0,0.95,0.6,0.85074,-2.00527,0.31916,0.33896
1.0,0.025,10.0,0.99,0.5,0.43178,-8.00447,0.82109,0.91649
0.5,0.03,10.0,0.99,0.5,0.55303,-7.17785,0.77205,0.83255
0.5,0.03,5.0,0.9,0.5,0.95909,-0.44717,0.18996,0.15979
1.0,0.025,4.0,0.95,0.4,0.76721,-2.93815,0.42107,0.44436
0.25,0.03,10.0,0.99,0.6,0.63896,-5.95328,0.67559,0.70753
0.25,0.025,10.0,0.9,0.6,0.81741,-2.18901,0.38681,0.32447
0.5,0.03,4.0,0.95,0.4,0.91025,-1.25947,0.26168,0.25491
1.0,0.025,10.0,0.95,0.5,0.77695,-3.89271,0.49881,0.49813
0.25,0.025,5.0,0.99,0.4,0.57302,-5.44027,0.70617,0.71092
0.1,0.03,4.0,0.9,0.4,0.91542,-1.17874,0.24958,0.24584
1.0,0.03,4.0,0.99,0.5,0.30968,-7.88012,0.8533,1.002
0.1,0.025,5.0,0.99,0.5,0.63767,-4.79844,0.6472,0.64002
0.25,0.03,10.0,0.99,0.4,0.68495,-5.76345,0.68071,0.68676
0.25,0.03,5.0,0.99,0.4,0.53416,-5.94599,0.74775,0.76689
0.1,0.025,10.0,0.95,0.5,0.91415,-1.33656,0.27787,0.23779
0.1,0.03,10.0,0.99,0.6,0.71219,-5.22491,0.62537,0.63362
0.1,0.03,10.0,0.9,0.5,0.80965,-2.23805,0.39715,0.32965
0.5,0.03,4.0,0.99,0.5,0.40278,-7.08162,0.87049,0.91164
0.1,0.025,10.0,0.9,0.5,0.77524,-2.53839,0.43147,0.35989
1.0,0.025,4.0,0.99,0.6,0.26712,-8.21771,0.86728,1.04028
0.1,0.025,10.0,0.99,0.6,0.76561,-4.66281,0.58945,0.57625
0.25,0.03,10.0,0.95,0.4,0.95712,-1.07685,0.23563,0.21136
0.5,0.03,10.0,0.9,0.6,0.90166,-1.61787,0.30677,0.26595
1.0,0.03,10.0,0.99,0.6,0.40215,-8.11142,0.83209,0.92718
0.25,0.025,10.0,0.95,0.5,0.94279,-1.21993,0.25272,0.22587
0.5,0.025,4.0,0.99,0.4,0.42059,-6.66265,0.80662,0.86448
0.25,0.03,5.0,0.9,0.5,0.9237,-1.04277,0.25238,0.22557
0.5,0.025,10.0,0.9,0.6,0.88605,-1.68671,0.29966,0.27312
0.25,0.03,4.0,0.9,0.5,0.94126,-0.83295,0.21004,0.20682
0.1,0.03,10.0,0.9,0.6,0.80913,-2.24983,0.39815,0.33086
0.1,0.03,5.0,0.9,0.6,0.89201,-1.35584,0.30112,0.26008
0.5,0.025,10.0,0.95,0.4,0.95723,-1.33065,0.26764,0.2373
0.5,0.025,5.0,0.9,0.4,0.94905,-0.59645,0.20753,0.17625
0.1,0.03,10.0,0.99,0.5,0.70772,-5.34399,0.64906,0.64543
1.0,0.03,4.0,0.95,0.5,0.70214,-3.52448,0.4609,0.51046
0.5,0.025,10.0,0.9,0.5,0.88264,-1.73772,0.32542,0.27858
0.5,0.025,5.0,0.99,0.4,0.46842,-6.56788,0.77387,0.83549
0.1,0.03,5.0,0.99,0.5,0.58684,-5.28464,0.69568,0.69394
1.0,0.025,5.0,0.9,0.4,0.95165,-0.70763,0.22426,0.1885
0.1,0.03,5.0,0.99,0.6,0.59171,-5.13697,0.65339,0.67737
1.0,0.025,4.0,0.99,0.5,0.30147,-7.9535,0.84023,1.00998
0.25,0.025,4.0,0.9,0.4,0.92158,-1.07688,0.24095,0.23436
0.1,0.025,4.0,0.95,0.4,0.97003,-0.31249,0.17389,0.14808
0.25,0.025,5.0,0.99,0.6,0.55733,-5.53491,0.68405,0.72151
0.1,0.03,4.0,0.95,0.6,0.97145,-0.20677,0.16136,0.13616
0.5,0.03,5.0,0.99,0.4,0.46258,-6.73113,0.81453,0.85365
0.25,0.025,10.0,0.99,0.4,0.70164,-5.40958,0.65258,0.65255
0.5,0.03,4.0,0.9,0.5,0.9646,-0.34777,0.17602,0.15208
0.1,0.03,10.0,0.99,0.4,0.72442,-5.10565,0.61531,0.62216
1.0,0.025,4.0,0.95,0.5,0.69685,-3.5598,0.47375,0.5144
0.1,0.025,4.0,0.95,0.6,0.96928,-0.28409,0.16636,0.14487
0.25,0.025,10.0,0.99,0.5,0.67256,-5.53979,0.64747,0.66517
1.0,0.025,10.0,0.99,0.4,0.48389,-7.83972,0.82146,0.89983
1.0,0.03,10.0,0.99,0.4,0.47242,-7.89621,0.8179,0.90679
1.0,0.03,4.0,0.99,0.4,0.33744,-7.8634,0.91365,0.99983
0.25,0.03,5.0,0.99,0.6,0.52644,-5.87916,0.7304,0.75919
0.5,0.03,10.0,0.9,0.5,0.90205,-1.51332,0.28504,0.25556
1.0,0.03,5.0,0.95,0.5,0.73054,-3.50636,0.45192,0.49747
0.5,0.03,5.0,0.99,0.6,0.40694,-6.98548,0.75037,0.88147
1.0,0.025,5.0,0.95,0.4,0.80954,-2.72468,0.39737,0.41109
0.5,0.025,4.0,0.99,0.5,0.40001,-6.84546,0.7982,0.88544
0.5,0.025,5.0,0.95,0.6,0.89274,-1.68958,0.3162,0.29684
1.0,0.03,5.0,0.95,0.4,0.78404,-3.01857,0.40889,0.44355
0.1,0.025,4.0,0.9,0.5,0.89877,-1.33358,0.2757,0.26325
0.5,0.03,10.0,0.99,0.4,0.5739,-6.92094,0.74703,0.80632
0.1,0.03,4.0,0.9,0.5,0.91573,-1.24349,0.2524,0.25321
0.5,0.03,10.0,0.9,0.4,0.89816,-1.50887,0.29291,0.25531
0.5,0.025,5.0,0.95,0.5,0.90844,-1.4872,0.29154,0.27461
1.0,0.03,4.0,0.95,0.6,0.6298,-4.12478,0.51647,0.57831
0.25,0.03,4.0,0.95,0.5,0.96359,-0.4,0.17899,0.15797
0.5,0.025,4.0,0.95,0.4,0.92711,-1.00853,0.25322,0.2267
0.5,0.03,5.0,0.95,0.6,0.88594,-1.82022,0.30764,0.31141
0.1,0.03,4.0,0.99,0.4,0.56152,-5.12398,0.72004,0.69109
1.0,0.025,5.0,0.99,0.4,0.36612,-7.76819,0.83352,0.96814
0.1,0.03,5.0,0.95,0.5,0.97637,-0.11019,0.15101,0.12257
0.25,0.03,10.0,0.95,0.5,0.95834,-1.12362,0.23998,0.21612
1.0,0.025,5.0,0.95,0.5,0.72147,-3.56206,0.46563,0.50356
0.5,0.03,4.0,0.95,0.5,0.88834,-1.554,0.2905,0.28827
0.25,0.03,5.0,0.95,0.5,0.97368,-0.2657,0.17199,0.13973
0.5,0.03,10.0,0.99,0.6,0.52257,-7.36022,0.77898,0.85073
0.5,0.025,5.0,0.9,0.6,0.94653,-0.67347,0.22243,0.18474
0.25,0.025,5.0,0.95,0.5,0.97353,-0.1812,0.16711,0.13041
1.0,0.025,4.0,0.95,0.6,0.63239,-4.06596,0.53099,0.57164
1.0,0.025,10.0,0.9,0.4,0.92758,-1.6265,0.30793,0.26689
0.5,0.03,5.0,0.99,0.5,0.43827,-7.0269,0.80202,0.88607
0.25,0.025,4.0,0.9,0.5,0.92841,-1.02953,0.22994,0.22899
0.5,0.025,5.0,0.9,0.5,0.94709,-0.64053,0.21635,0.18117
0.5,0.03,5.0,0.9,0.6,0.95292,-0.6096,0.22313,0.17763
0.25,0.03,5.0,0.9,0.6,0.92075,-1.00755,0.25175,0.22166
1.0,0.03,10.0,0.9,0.4,0.93856,-1.52959,0.29892,0.2576
0.25,0.03,5.0,0.9,0.4,0.9224,-1.03451,0.2512,0.22457
0.5,0.03,4.0,0.99,0.6,0.3827,-6.9067,0.78942,0.89236
1.0,0.025,10.0,0.9,0.5,0.90063,-2.11062,0.36513,0.31663
1.0,0.025,5.0,0.99,0.5,0.33767,-7.83976,0.82345,0.9759
1.0,0.025,10.0,0.99,0.6,0.37479,-8.31417,0.85029,0.94651
1.0,0.03,4.0,0.9,0.4,0.94614,-0.69107,0.21917,0.19083
1.0,0.025,10.0,0.9,0.6,0.84596,-2.8609,0.45474,0.39332
1.0,0.03,5.0,0.99,0.6,0.31202,-8.03529,0.83975,0.99753
0.1,0.025,4.0,0.99,0.5,0.59243,-4.81673,0.69567,0.65629
0.1,0.03,5.0,0.95,0.6,0.9771,-0.08495,0.14836,0.1198
1.0,0.03,5.0,0.9,0.5,0.9258,-1.20098,0.27499,0.24299
0.5,0.03,4.0,0.99,0.4,0.41395,-6.83373,0.8456,0.88366
0.25,0.025,10.0,0.99,0.6,0.6514,-5.76511,0.65111,0.68895
0.25,0.025,10.0,0.95,0.4,0.94942,-1.06742,0.22881,0.21062
0.5,0.03,5.0,0.95,0.5,0.91075,-1.47762,0.28408,0.27359
0.1,0.025,5.0,0.99,0.6,0.65507,-4.41677,0.58301,0.59816
0.25,0.03,10.0,0.95,0.6,0.9497,-1.33337,0.27247,0.23741
0.5,0.03,10.0,0.95,0.5,0.93917,-1.81849,0.31001,0.28719
0.25,0.03,4.0,0.95,0.6,0.95829,-0.51264,0.19961,0.17073
0.5,0.025,4.0,0.9,0.5,0.95733,-0.48327,0.19281,0.16737
0.5,0.03,10.0,0.95,0.4,0.95524,-1.61659,0.29716,0.26605
1.0,0.03,5.0,0.9,0.4,0.95498,-0.63118,0.21992,0.18015
0.25,0.03,10.0,0.9,0.5,0.83842,-2.00819,0.36618,0.3063
1.0,0.03,5.0,0.95,0.6,0.65612,-4.10701,0.51785,0.56374
0.25,0.03,5.0,0.95,0.6,0.9721,-0.30613,0.16537,0.14422
1.0,0.025,4.0,0.9,0.6,0.83717,-2.15242,0.367,0.35545
0.5,0.03,5.0,0.95,0.4,0.9326,-1.16145,0.25461,0.23857
0.5,0.025,5.0,0.99,0.5,0.44326,-6.86832,0.77192,0.86888
0.25,0.03,10.0,0.99,0.5,0.64291,-6.05426,0.68982,0.71779
0.5,0.025,4.0,0.95,0.5,0.90339,-1.343,0.2772,0.26438
1.0,0.03,4.0,0.9,0.5,0.92045,-1.15543,0.25938,0.24319
0.5,0.025,4.0,0.99,0.6,0.37772,-7.01537,0.76709,0.90465
0.1,0.025,4.0,0.99,0.6,0.58413,-4.87592,0.68446,0.66327
1.0,0.03,10.0,0.95,0.5,0.7971,-3.75552,0.48059,0.48446
0.5,0.03,5.0,0.9,0.4,0.95872,-0.44652,0.18196,0.15969
0.25,0.03,4.0,0.9,0.4,0.93676,-0.9406,0.22063,0.21889
1.0,0.03,10.0,0.95,0.4,0.85709,-3.18132,0.42638,0.42535
1.0,0.025,5.0,0.99,0.6,0.29026,-8.11696,0.85467,1.00636
0.5,0.03,10.0,0.95,0.6,0.91349,-2.28549,0.36354,0.33426
0.5,0.025,4.0,0.9,0.6,0.94972,-0.62523,0.21407,0.18336
0.5,0.025,10.0,0.99,0.5,0.54424,-7.05668,0.74475,0.81981
0.25,0.03,5.0,0.95,0.4,0.9724,-0.30393,0.17215,0.14396
1.0,0.025,4.0,0.9,0.4,0.94829,-0.73706,0.21951,0.19596
0.1,0.025,5.0,0.95,0.4,0.96614,-0.33495,0.17459,0.14742
0.1,0.03,4.0,0.99,0.6,0.54263,-5.33283,0.72088,0.71468
0.1,0.03,10.0,0.9,0.4,0.80433,-2.30735,0.4038,0.33651
0.1,0.025,5.0,0.99,0.4,0.63499,-4.73764,0.65192,0.63347
0.1,0.025,5.0,0.9,0.4,0.8722,-1.61151,0.32777,0.28836
0.1,0.025,5.0,0.9,0.6,0.87468,-1.58438,0.32575,0.28541
0.1,0.025,4.0,0.95,0.5,0.96909,-0.26607,0.17122,0.14285
0.25,0.025,4.0,0.9,0.6,0.92729,-1.01501,0.23195,0.22727
0.1,0.03,4.0,0.95,0.5,0.97501,-0.13051,0.16018,0.12754
0.25,0.025,4.0,0.95,0.6,0.96645,-0.36493,0.17443,0.15403
0.1,0.025,10.0,0.99,0.4,0.74432,-4.9227,0.6041,0.60343
0.1,0.025,5.0,0.9,0.5,0.87032,-1.63756,0.32889,0.29118
0.1,0.025,5.0,0.95,0.5,0.96327,-0.35615,0.16469,0.14971
0.1,0.025,10.0,0.99,0.5,0.76362,-4.65267,0.59069,0.57555
0.1,0.025,10.0,0.9,0.4,0.77958,-2.4931,0.427,0.3559
0.1,0.03,5.0,0.9,0.5,0.89445,-1.35209,0.29406,0.25965
0.1,0.025,10.0,0.95,0.4,0.9049,-1.41934,0.28507,0.2463
