t_sr,t_stdp,t_stdp_asymm,a_stdp_asymm,f,k,R_10_w,R_10_nw,SNR_10_w,SNR_10_nw,R_60_w,R_60_nw,SNR_60_w,SNR_60_nw
4.0,0.03,1.5,-0.45,0.6,1.5,0.79816,0.67205,17.25799,9.15471,0.85204,0.75799,45.08842,21.43578
5.0,0.03,2.0,-0.45,0.8,1.5,0.47309,0.29141,20.10098,3.12971,0.49815,0.66122,48.08517,7.32255
4.0,0.02,2.0,-0.4,0.8,1.0,0.68304,0.42705,12.16164,4.83307,0.76517,0.6962,29.97645,11.56846
4.0,0.02,2.5,-0.5,0.8,1.5,0.05264,0.43985,18.82542,5.5801,0.05461,0.62427,44.84797,14.12164
4.0,0.02,2.0,-0.5,0.8,1.0,0.27182,0.00066,11.68086,1.15555,0.32164,0.00617,26.34306,1.86176
4.0,0.02,2.5,-0.5,0.8,1.0,0.00097,0.42606,9.74989,5.21025,0.00064,0.61552,26.35049,13.70336
5.0,0.02,2.0,-0.4,0.8,0.5,0.60434,0.4669,6.74833,4.80056,0.83021,0.66038,14.60523,11.48594
5.0,0.03,1.5,-0.5,0.8,1.0,0.74474,0.59115,11.59783,7.27168,0.82471,0.71832,28.72287,17.11578
4.0,0.02,2.5,-0.45,0.8,0.5,0.04594,0.21238,3.91046,3.8301,0.06186,0.46812,9.13885,8.31439
5.0,0.02,1.5,-0.4,0.8,1.5,0.77121,0.61479,20.22226,9.85203,0.80157,0.69522,49.73257,23.3783
5.0,0.03,2.0,-0.45,0.6,1.0,0.58562,0.2703,9.4986,2.70833,0.71133,0.64253,24.00229,7.30255
4.0,0.03,1.5,-0.45,0.6,1.0,0.85978,0.66964,12.19864,9.16762,0.93422,0.75771,31.59242,22.0231
4.0,0.03,2.5,-0.5,0.6,1.5,0.02054,0.49674,14.86605,6.55499,0.02278,0.59555,37.80308,16.28214
4.0,0.02,1.5,-0.4,0.6,1.5,0.84942,0.64044,18.31348,8.6749,0.88827,0.73832,45.47346,21.87352
5.0,0.02,2.5,-0.4,0.8,1.0,0.29998,0.0048,10.60952,1.16958,0.387,0.00924,26.67014,2.34776
4.0,0.03,2.5,-0.45,0.8,1.0,0.01447,0.22813,10.35084,3.97666,0.02046,0.46096,26.88773,8.92826
5.0,0.03,2.0,-0.4,0.8,1.0,0.72687,0.53288,12.5025,5.82994,0.80312,0.71883,30.15378,14.20824
4.0,0.03,2.5,-0.45,0.6,0.5,0.07371,0.27289,4.18564,3.77501,0.1203,0.47807,9.95527,9.63014
5.0,0.02,2.5,-0.45,0.6,1.5,0.2713,0.19938,14.54335,3.52588,0.29712,0.4417,37.4147,8.00483
5.0,0.03,2.5,-0.45,0.8,1.0,0.02236,0.22819,9.64508,3.69628,0.0301,0.41039,25.34623,9.35645
5.0,0.03,1.5,-0.4,0.6,1.0,0.87315,0.66339,15.15623,11.45838,0.92595,0.71719,36.21553,26.43156
4.0,0.02,2.5,-0.45,0.6,1.5,0.23807,0.22366,15.19001,3.02347,0.26575,0.4882,39.17523,8.38102
5.0,0.03,2.5,-0.45,0.6,0.5,0.04318,0.25273,4.07125,3.79923,0.09432,0.41383,10.07071,9.00092
4.0,0.03,1.5,-0.4,0.8,0.5,0.7914,0.68348,12.70117,11.48265,0.84475,0.75427,29.56815,27.66741
4.0,0.03,2.5,-0.4,0.8,0.5,0.09707,0.00485,4.40061,1.469,0.23276,0.03426,9.73523,2.8677
5.0,0.02,1.5,-0.45,0.6,1.5,0.78938,0.58585,16.58284,7.55937,0.84316,0.69008,42.63786,17.68616
4.0,0.02,1.5,-0.45,0.6,0.5,0.73016,0.60627,8.19188,7.68211,0.86773,0.72249,20.52202,18.452
4.0,0.02,2.5,-0.45,0.6,0.5,0.019,0.20511,4.02006,3.07979,0.05374,0.46319,8.15169,7.89161
4.0,0.03,2.0,-0.45,0.6,0.5,0.48146,0.2689,4.7348,3.53151,0.80399,0.63369,10.32244,7.40766
5.0,0.03,2.0,-0.45,0.6,1.5,0.56189,0.29253,15.20081,3.22244,0.60678,0.65824,41.88185,7.04423
4.0,0.03,2.5,-0.45,0.6,1.5,0.15325,0.22803,16.06069,3.88591,0.16494,0.45848,38.51454,9.22454
4.0,0.02,2.0,-0.5,0.8,0.5,0.08843,0.00021,4.20498,1.27009,0.21309,0.00196,8.80012,2.02473
4.0,0.03,1.5,-0.4,0.8,1.0,0.83999,0.68133,15.89506,11.43856,0.89864,0.75008,37.57775,27.06367
4.0,0.03,2.5,-0.4,0.8,1.5,0.28557,0.00468,18.97883,1.36281,0.3093,0.03506,46.18647,2.82128
4.0,0.02,2.0,-0.4,0.8,0.5,0.62743,0.47934,6.08092,4.61084,0.85476,0.70327,14.23906,11.39716
5.0,0.02,2.0,-0.45,0.6,1.0,0.58439,0.18455,9.78658,2.22313,0.7149,0.52741,24.38208,5.97132
5.0,0.03,1.5,-0.45,0.6,1.5,0.815,0.63446,16.42578,9.54451,0.86292,0.71343,42.35577,22.28081
4.0,0.02,1.5,-0.5,0.6,1.0,0.75719,0.54852,10.72719,6.48258,0.87167,0.70989,25.83193,14.23378
5.0,0.02,1.5,-0.5,0.8,0.5,0.66051,0.49698,7.13685,6.35233,0.82787,0.68079,16.27392,14.45266
4.0,0.03,2.5,-0.5,0.6,0.5,0.29592,0.46976,6.92483,7.05759,0.37722,0.59607,16.15621,16.66569
5.0,0.03,2.0,-0.5,0.6,1.5,0.36958,0.00626,16.30721,1.39644,0.40646,0.02147,37.54474,2.01761
5.0,0.03,2.5,-0.4,0.8,0.5,0.08332,0.00372,3.58688,1.43388,0.23843,0.0285,8.46505,2.8244
5.0,0.03,2.5,-0.4,0.6,1.5,0.41223,0.00594,16.01803,1.52758,0.44657,0.03616,37.27611,2.63921
5.0,0.03,2.5,-0.4,0.6,1.0,0.32523,0.00617,9.77521,1.86271,0.42942,0.02668,22.18964,2.50333
5.0,0.02,2.5,-0.45,0.8,0.5,0.0373,0.21269,3.74726,3.23182,0.06135,0.43545,8.89559,7.98023
5.0,0.02,1.5,-0.45,0.8,1.0,0.78339,0.58831,13.62426,7.4467,0.84632,0.69403,30.15694,17.83687
5.0,0.03,1.5,-0.4,0.8,0.5,0.76264,0.651,12.32884,10.76669,0.81616,0.71675,29.5339,27.48179
5.0,0.02,2.5,-0.45,0.6,0.5,0.01275,0.23816,3.99092,3.51695,0.04595,0.44448,8.12086,8.46867
5.0,0.03,2.0,-0.4,0.8,1.5,0.63272,0.55237,19.93159,6.61137,0.66378,0.72445,48.08865,13.76455
5.0,0.03,1.5,-0.45,0.8,1.0,0.80772,0.61461,13.98331,9.20911,0.87443,0.71376,33.87149,22.27813
4.0,0.02,1.5,-0.5,0.8,1.5,0.60386,0.51282,21.00033,5.73488,0.64506,0.70886,49.63904,13.86911
4.0,0.02,2.5,-0.5,0.8,0.5,0.23191,0.47568,6.20197,5.78322,0.32411,0.63386,14.67234,13.98739
5.0,0.02,2.0,-0.4,0.8,1.5,0.59054,0.46442,21.27983,5.33057,0.63661,0.68267,48.27475,11.44864
5.0,0.03,1.5,-0.4,0.8,1.5,0.78826,0.66613,21.35847,11.20164,0.82941,0.71428,50.1859,26.8266
5.0,0.02,2.5,-0.5,0.8,1.0,0.00045,0.44432,10.29042,6.1197,0.00016,0.58722,24.20425,13.85994
5.0,0.02,1.5,-0.4,0.8,0.5,0.7354,0.61759,10.67594,9.31542,0.80977,0.69685,25.65253,23.80055
5.0,0.02,2.5,-0.5,0.6,1.5,0.10541,0.42321,16.01961,5.52799,0.11623,0.57853,37.38877,14.18016
5.0,0.02,2.0,-0.45,0.8,0.5,0.36193,0.20332,4.16125,2.40052,0.72365,0.53998,9.73774,5.70011
5.0,0.03,2.0,-0.4,0.6,1.0,0.77343,0.54076,10.44314,6.02251,0.87986,0.71632,26.20436,13.614
5.0,0.02,2.5,-0.5,0.8,1.5,0.0583,0.44163,18.81194,5.44537,0.06536,0.59548,44.86492,13.79572
5.0,0.02,2.5,-0.4,0.8,0.5,0.1132,0.00185,4.04777,1.36093,0.27105,0.00397,9.022,2.28063
5.0,0.03,2.5,-0.4,0.6,0.5,0.10023,0.00273,3.28476,0.98224,0.30039,0.03984,8.31191,2.70907
5.0,0.02,2.5,-0.5,0.6,0.5,0.20523,0.42888,5.32802,5.63053,0.26648,0.58412,13.57095,13.59961
5.0,0.03,1.5,-0.45,0.6,0.5,0.76221,0.63671,10.45605,9.39469,0.83556,0.7273,23.10488,23.08741
5.0,0.03,2.0,-0.4,0.6,0.5,0.67779,0.54798,7.54028,6.2635,0.86929,0.72966,16.58223,13.26296
5.0,0.03,2.5,-0.45,0.8,1.5,0.11195,0.23297,17.91439,3.58903,0.12242,0.44605,45.07432,9.73136
5.0,0.03,2.0,-0.45,0.6,0.5,0.47854,0.31847,4.16717,3.30416,0.8124,0.64438,10.11335,6.7989
5.0,0.02,1.5,-0.4,0.8,1.0,0.81837,0.62175,13.78001,9.35319,0.87841,0.69624,34.2641,22.97653
5.0,0.02,2.0,-0.5,0.6,1.5,0.41795,0.00017,16.56132,0.67333,0.45488,0.00177,38.67649,1.60955
5.0,0.02,1.5,-0.5,0.6,1.0,0.77393,0.51706,10.32543,5.76017,0.87813,0.67473,26.90478,13.50002
5.0,0.03,2.5,-0.5,0.8,1.5,0.01638,0.45187,19.88844,6.74987,0.01675,0.57482,43.19999,16.05744
4.0,0.02,2.0,-0.5,0.8,1.5,0.29009,0.00089,18.45348,1.23159,0.32296,0.00158,47.39729,1.82809
5.0,0.03,2.0,-0.5,0.8,0.5,0.10659,0.00941,4.96032,1.6775,0.2288,0.02918,8.99534,2.69567
5.0,0.02,2.0,-0.5,0.8,1.0,0.28278,7e-05,10.94322,0.94877,0.34402,0.00277,26.65045,2.29036
5.0,0.02,2.5,-0.4,0.6,1.0,0.40675,0.00096,10.03217,1.20544,0.50396,0.00973,21.9906,2.7828
5.0,0.03,1.5,-0.5,0.6,1.5,0.73509,0.57014,17.75667,7.35283,0.78394,0.71603,41.94137,17.10954
5.0,0.03,1.5,-0.4,0.6,0.5,0.77023,0.67943,12.42142,11.94886,0.82261,0.72645,29.21545,27.35392
5.0,0.02,2.0,-0.4,0.6,1.0,0.74769,0.43116,10.68465,4.47458,0.85745,0.6623,26.17288,10.83402
5.0,0.03,2.5,-0.5,0.8,0.5,0.26501,0.45897,6.62055,6.74441,0.33695,0.55569,17.61013,16.78953
5.0,0.03,2.5,-0.5,0.6,1.0,0.00934,0.44421,9.54279,6.47318,0.01139,0.55591,23.14582,15.80889
5.0,0.03,1.5,-0.45,0.8,1.5,0.73109,0.63261,20.94009,9.3926,0.76737,0.71185,49.26222,23.32727
5.0,0.03,2.0,-0.5,0.8,1.5,0.27679,0.00399,18.06213,1.27646,0.30827,0.03345,45.15097,2.41308
5.0,0.03,1.5,-0.45,0.8,0.5,0.75154,0.633,10.9661,8.95518,0.83372,0.72591,23.94893,22.45344
5.0,0.02,1.5,-0.4,0.6,1.0,0.85234,0.62917,13.50541,9.29905,0.92406,0.70866,31.68917,22.25397
5.0,0.02,2.0,-0.4,0.8,1.0,0.67498,0.46153,11.24627,4.73739,0.77143,0.6716,28.02747,11.58035
5.0,0.03,2.0,-0.5,0.6,1.0,0.30879,0.00952,8.97461,1.66336,0.39919,0.03073,23.44886,2.43986
5.0,0.02,2.0,-0.5,0.6,0.5,0.10907,0.00022,3.94743,1.46928,0.29996,0.00144,8.60349,1.87734
4.0,0.02,2.5,-0.4,0.8,1.5,0.33966,0.00292,19.69746,1.58654,0.36494,0.00438,47.37427,2.20853
5.0,0.03,2.0,-0.4,0.6,1.5,0.71811,0.56109,17.7098,5.73404,0.77117,0.73133,40.75525,14.49593
5.0,0.02,2.5,-0.45,0.8,1.5,0.17984,0.2234,18.66122,3.19529,0.19228,0.46512,48.25599,8.08323
5.0,0.02,2.0,-0.4,0.6,0.5,0.65267,0.41859,6.22885,4.65956,0.85472,0.66834,14.00301,11.17691
5.0,0.02,2.0,-0.5,0.8,0.5,0.09351,0.00262,3.86629,1.38164,0.23672,0.00171,8.28566,2.04503
4.0,0.02,1.5,-0.5,0.6,0.5,0.68611,0.56111,6.54852,5.81856,0.87948,0.72445,17.09085,13.77324
5.0,0.02,2.0,-0.45,0.8,1.5,0.46626,0.24299,20.21633,2.93991,0.49418,0.56868,49.03448,6.64444
5.0,0.02,1.5,-0.4,0.6,1.5,0.8408,0.60793,17.39361,9.41982,0.88816,0.70643,45.36435,22.82699
5.0,0.03,2.5,-0.5,0.6,1.5,0.03072,0.41119,15.1157,6.27779,0.03637,0.56707,38.51057,16.20462
5.0,0.03,1.5,-0.4,0.8,1.0,0.83346,0.65032,15.21094,10.72838,0.88833,0.71853,38.23894,28.31804
5.0,0.02,2.5,-0.4,0.8,1.5,0.35959,0.00126,19.9584,1.18628,0.38079,0.01086,46.29231,2.31411
4.0,0.03,2.5,-0.5,0.8,1.5,0.00915,0.46059,18.33047,6.81156,0.01057,0.61322,43.1851,16.01665
5.0,0.02,1.5,-0.5,0.8,1.5,0.61508,0.53281,20.75019,6.01515,0.65405,0.67968,50.19996,13.72084
4.0,0.03,2.5,-0.4,0.6,0.5,0.10894,0.00587,3.70301,1.58537,0.26929,0.03049,8.02058,2.699
4.0,0.03,1.5,-0.45,0.8,1.5,0.73597,0.66498,19.86726,9.30558,0.76951,0.75397,49.32084,22.77011
4.0,0.02,2.5,-0.5,0.6,1.0,0.00016,0.43231,9.00091,5.56254,0.00029,0.61753,21.05006,14.72215
5.0,0.02,2.0,-0.45,0.6,0.5,0.4265,0.21174,4.23257,2.77727,0.76378,0.56085,9.28746,5.68141
4.0,0.02,2.5,-0.5,0.6,0.5,0.21913,0.4534,5.40288,5.41518,0.31026,0.62916,13.09007,14.15296
4.0,0.02,1.5,-0.45,0.6,1.0,0.83198,0.61536,11.7088,7.82934,0.92042,0.7185,29.43186,18.02583
5.0,0.03,2.5,-0.45,0.6,1.5,0.17317,0.21454,14.96065,3.65219,0.18964,0.4165,38.32253,9.04062
5.0,0.02,2.0,-0.45,0.8,1.0,0.49003,0.20917,11.35157,2.7431,0.59451,0.57061,26.83285,6.23493
5.0,0.02,2.5,-0.4,0.6,1.5,0.47181,1e-05,15.92848,1.0956,0.51771,0.00997,38.2278,2.3764
4.0,0.02,1.5,-0.45,0.8,0.5,0.74254,0.60876,9.08545,8.15779,0.8607,0.7307,20.89692,18.13778
5.0,0.03,2.5,-0.4,0.8,1.5,0.30413,0.00838,17.71829,1.50207,0.33235,0.04383,45.05832,2.58405
4.0,0.03,2.0,-0.45,0.6,1.0,0.58198,0.31404,9.99171,3.06997,0.69624,0.66397,24.05923,7.26754
4.0,0.02,2.0,-0.45,0.6,0.5,0.41388,0.23617,3.92896,2.92101,0.76415,0.56562,9.07265,5.62862
4.0,0.03,2.5,-0.45,0.6,1.0,0.03458,0.24881,8.15208,3.84647,0.04368,0.45794,21.52277,9.36832
5.0,0.02,2.0,-0.45,0.6,1.5,0.59011,0.19692,16.01445,2.59861,0.63597,0.51202,42.2288,5.18606
5.0,0.02,2.5,-0.5,0.8,0.5,0.21203,0.41653,6.09536,5.44385,0.28241,0.5862,13.941,13.72971
4.0,0.02,2.5,-0.5,0.6,1.5,0.08539,0.4387,16.22306,5.4807,0.09697,0.62532,38.37797,14.33229
4.0,0.03,2.0,-0.4,0.6,1.5,0.6917,0.56464,15.87882,6.22186,0.75299,0.74807,41.02955,14.01287
4.0,0.02,1.5,-0.45,0.8,1.5,0.69002,0.61134,20.34706,7.9186,0.72741,0.73217,50.29673,18.63074
4.0,0.02,2.0,-0.5,0.6,1.0,0.31592,0.00336,8.8491,1.23202,0.41265,0.00869,22.08234,2.39509
5.0,0.03,1.5,-0.5,0.8,0.5,0.71115,0.578,7.94896,6.61241,0.84828,0.71723,19.64011,17.25687
5.0,0.02,1.5,-0.5,0.6,0.5,0.66525,0.50027,6.91049,5.8017,0.85293,0.67801,16.82373,14.72138
5.0,0.03,2.5,-0.5,0.8,1.0,0.01642,0.41727,12.11762,6.67634,0.0189,0.55771,26.27223,17.03644
4.0,0.03,1.5,-0.5,0.6,0.5,0.73259,0.59046,7.93483,7.06224,0.88298,0.73871,19.76032,16.73909
5.0,0.02,2.0,-0.5,0.6,1.0,0.35303,0.00027,9.96867,0.85812,0.44289,0.00221,22.92142,2.13208
5.0,0.02,1.5,-0.5,0.8,1.0,0.69013,0.52002,12.12762,6.17314,0.78151,0.6848,29.3383,14.48777
5.0,0.03,2.0,-0.4,0.8,0.5,0.65892,0.54529,6.69154,5.92265,0.859,0.72735,16.44317,13.61106
4.0,0.03,2.0,-0.4,0.6,0.5,0.71096,0.56589,6.76242,6.05346,0.89262,0.74915,17.10494,14.05211
4.0,0.02,2.0,-0.4,0.6,1.5,0.6997,0.46529,17.78648,4.57198,0.75227,0.68821,40.96526,11.35903
4.0,0.02,1.5,-0.45,0.6,1.5,0.78705,0.61756,17.47749,7.79946,0.83306,0.72712,43.69395,17.84365
5.0,0.03,2.5,-0.4,0.8,1.0,0.2832,0.01608,10.97474,2.16646,0.33856,0.04196,25.54533,3.38532
4.0,0.02,1.5,-0.5,0.6,1.5,0.70242,0.53356,18.07742,5.90558,0.75565,0.71864,43.34011,14.05
4.0,0.02,2.0,-0.4,0.8,1.5,0.59769,0.45319,20.44659,4.95148,0.633,0.68435,48.97143,11.23313
4.0,0.03,2.0,-0.5,0.8,0.5,0.09047,0.00434,4.04225,1.12612,0.20743,0.02531,9.63244,2.24697
4.0,0.03,2.0,-0.45,0.8,1.5,0.43584,0.28617,19.10445,2.9555,0.47645,0.68977,45.94791,7.53294
4.0,0.03,2.0,-0.4,0.8,1.0,0.70528,0.54766,12.36217,5.53138,0.79293,0.75767,29.19482,14.31561
4.0,0.03,2.0,-0.45,0.8,1.0,0.4879,0.32365,11.15235,3.20459,0.60032,0.66145,27.33776,8.08165
4.0,0.03,2.0,-0.5,0.8,1.5,0.25954,0.00108,19.13786,1.03402,0.2871,0.01661,47.64599,2.32177
4.0,0.03,2.5,-0.4,0.6,1.0,0.311,0.00589,8.91325,1.34557,0.39446,0.02998,21.63775,2.89931
4.0,0.02,2.5,-0.45,0.8,1.0,0.05982,0.23144,11.16997,3.24935,0.078,0.49375,26.32423,8.26266
5.0,0.02,1.5,-0.45,0.6,0.5,0.72456,0.58288,8.98834,7.59014,0.83848,0.69803,20.48257,18.00455
4.0,0.03,2.0,-0.5,0.6,1.0,0.28278,0.0075,9.8291,1.7,0.35841,0.0251,21.46958,2.43122
4.0,0.03,2.5,-0.4,0.8,1.0,0.24782,0.01055,10.59127,1.75442,0.31091,0.03204,26.4836,2.52274
4.0,0.02,2.0,-0.45,0.6,1.5,0.56218,0.24484,16.86156,2.46055,0.60869,0.55875,39.88539,5.56299
4.0,0.03,2.5,-0.4,0.6,1.5,0.37696,0.00573,15.52686,1.87741,0.41801,0.02328,41.58761,2.49226
4.0,0.03,2.5,-0.5,0.6,1.0,0.02088,0.4659,9.59577,6.30486,0.02244,0.60955,23.80604,16.97376
4.0,0.02,2.5,-0.4,0.8,0.5,0.1057,0.00072,3.77917,1.15308,0.2436,0.00591,9.05321,2.11454
5.0,0.03,1.5,-0.5,0.8,1.5,0.65311,0.54675,19.36986,6.89133,0.68613,0.70884,48.56478,16.35026
4.0,0.03,2.0,-0.5,0.6,0.5,0.0974,0.0052,3.56824,1.66317,0.2472,0.01847,8.18976,2.29953
5.0,0.02,1.5,-0.45,0.6,1.0,0.83048,0.58171,11.54841,7.61717,0.91786,0.70303,28.27137,19.18612
5.0,0.02,1.5,-0.5,0.6,1.5,0.71412,0.52109,17.15213,6.1487,0.77044,0.67065,40.93672,13.69816
4.0,0.02,1.5,-0.45,0.8,1.0,0.77996,0.60908,12.22505,7.58052,0.85987,0.72363,30.08188,18.13185
4.0,0.03,2.0,-0.45,0.6,1.5,0.52881,0.29826,16.0211,2.75644,0.58038,0.66375,38.38459,6.82146
4.0,0.03,2.5,-0.45,0.8,0.5,0.05713,0.27982,4.92025,3.97725,0.11605,0.4938,10.63278,9.23038
5.0,0.03,2.5,-0.5,0.6,0.5,0.23889,0.47696,6.34568,7.06894,0.32436,0.57431,16.03793,17.01269
4.0,0.02,1.5,-0.4,0.8,1.5,0.76053,0.664,21.47918,9.87756,0.79755,0.73437,50.9654,21.65531
4.0,0.03,2.5,-0.5,0.8,0.5,0.27282,0.47589,6.90699,6.71826,0.36444,0.60283,17.03977,17.10862
4.0,0.03,2.0,-0.4,0.8,1.5,0.60456,0.56855,18.99622,6.0383,0.65488,0.75443,46.31152,14.48999
5.0,0.03,2.0,-0.5,0.8,1.0,0.25339,0.00445,10.93166,1.32197,0.30616,0.03176,26.95708,2.03677
4.0,0.03,2.0,-0.4,0.6,1.0,0.77007,0.57058,11.19376,6.07379,0.8686,0.75967,26.40308,13.9278
5.0,0.03,2.0,-0.5,0.6,0.5,0.12026,0.00273,3.88851,1.63179,0.2733,0.02005,7.71034,2.79398
5.0,0.03,2.0,-0.45,0.8,1.0,0.52665,0.30974,11.14277,3.3522,0.61073,0.63651,26.77437,7.25018
4.0,0.03,1.5,-0.4,0.6,1.0,0.88392,0.68326,14.3736,10.97525,0.93847,0.74793,35.1598,28.12257
4.0,0.03,2.0,-0.5,0.6,1.5,0.3439,0.00484,16.48386,1.28787,0.37424,0.01865,39.08837,2.40634
5.0,0.03,1.5,-0.5,0.6,0.5,0.70605,0.58805,7.84354,6.99766,0.8564,0.71529,18.97722,16.73984
4.0,0.02,2.0,-0.4,0.6,0.5,0.64584,0.43092,5.71704,4.73955,0.87238,0.69686,14.14832,10.81998
5.0,0.03,1.5,-0.45,0.6,1.0,0.85266,0.63877,12.51003,8.91773,0.92308,0.7192,28.82416,23.24332
4.0,0.03,2.0,-0.5,0.8,1.0,0.23428,0.00518,10.3231,1.66046,0.27915,0.02436,26.50153,2.75013
4.0,0.03,1.5,-0.45,0.8,1.0,0.7963,0.65239,13.54138,9.26389,0.87835,0.74681,32.31701,22.5026
4.0,0.02,2.5,-0.45,0.8,1.5,0.16792,0.23486,20.46468,3.62699,0.18201,0.45786,48.28814,7.97448
5.0,0.03,2.5,-0.45,0.8,0.5,0.05777,0.26777,4.61942,3.74102,0.09544,0.43258,11.03237,9.48324
5.0,0.02,2.0,-0.4,0.6,1.5,0.71559,0.43482,16.584,4.6585,0.76541,0.67809,42.56045,11.3982
4.0,0.03,1.5,-0.5,0.8,1.5,0.63756,0.61496,19.40512,6.97105,0.67296,0.74658,48.78642,16.50287
4.0,0.03,1.5,-0.45,0.8,0.5,0.76011,0.67017,10.06513,8.94518,0.85792,0.75603,24.91955,22.10684
4.0,0.03,1.5,-0.4,0.8,1.5,0.79129,0.68949,20.81275,11.05042,0.82957,0.75853,49.57562,27.35887
4.0,0.02,1.5,-0.4,0.8,1.0,0.82519,0.65078,14.31614,9.31695,0.88542,0.7385,33.00898,22.79903
4.0,0.03,1.5,-0.5,0.6,1.5,0.73201,0.63923,18.03309,7.41132,0.76965,0.74884,43.05894,17.29981
4.0,0.03,1.5,-0.5,0.8,0.5,0.72302,0.59276,8.44073,6.98086,0.86431,0.75317,19.40134,17.03638
4.0,0.02,1.5,-0.4,0.6,1.0,0.87397,0.65323,13.76848,9.45136,0.93659,0.73742,33.19771,23.23314
4.0,0.02,2.5,-0.4,0.6,1.0,0.3812,0.00157,9.07639,1.50933,0.47743,0.0053,21.99353,2.33248
4.0,0.03,1.5,-0.5,0.8,1.0,0.74448,0.59037,12.06349,7.1112,0.82204,0.74771,28.71452,16.92008
4.0,0.03,2.0,-0.45,0.8,0.5,0.45616,0.32656,4.59321,3.36041,0.77252,0.67295,10.50803,6.71415
4.0,0.02,1.5,-0.4,0.6,0.5,0.75516,0.64789,10.03899,9.32981,0.85238,0.7434,24.99218,22.79584
4.0,0.03,1.5,-0.5,0.6,1.0,0.79569,0.59065,10.98364,7.11801,0.89424,0.73966,25.90067,16.58285
4.0,0.02,1.5,-0.4,0.8,0.5,0.74525,0.66715,10.3415,9.80611,0.84142,0.73239,26.45308,22.68763
4.0,0.02,2.5,-0.45,0.6,1.0,0.09316,0.21894,10.07977,3.10792,0.12356,0.47508,22.9834,8.07925
4.0,0.02,2.0,-0.5,0.6,0.5,0.09302,0.00214,3.17449,1.06872,0.25665,0.00504,7.47218,1.97566
4.0,0.02,1.5,-0.5,0.8,0.5,0.66205,0.52182,7.43209,5.94963,0.85575,0.70889,17.30315,13.22115
4.0,0.02,1.5,-0.5,0.8,1.0,0.70434,0.53668,12.44723,5.67075,0.79315,0.7204,29.26011,13.58056
4.0,0.03,1.5,-0.45,0.6,0.5,0.76817,0.64747,10.02889,9.94292,0.86437,0.74764,23.66158,22.30923
4.0,0.02,2.0,-0.45,0.8,1.5,0.44846,0.20776,19.58792,2.44832,0.48341,0.56803,48.15932,5.60316
4.0,0.02,2.0,-0.45,0.8,0.5,0.41722,0.23569,4.16799,2.65715,0.74725,0.57172,10.81704,6.2671
4.0,0.02,2.5,-0.4,0.8,1.0,0.30467,0.00124,11.3986,1.56697,0.35819,0.0018,26.59547,2.45881
4.0,0.02,2.5,-0.4,0.6,1.5,0.45093,0.00162,15.97337,1.62119,0.49751,0.01103,40.76763,2.30043
4.0,0.03,1.5,-0.4,0.6,1.5,0.85744,0.69997,17.00089,11.50816,0.90295,0.75023,42.44884,27.17459
4.0,0.02,2.0,-0.5,0.6,1.5,0.39355,1e-05,16.53323,0.90151,0.43267,3e-05,38.9895,1.72712
4.0,0.02,2.0,-0.45,0.6,1.0,0.56282,0.2145,10.12282,2.74013,0.69788,0.54546,23.43992,6.40785
4.0,0.02,2.0,-0.4,0.6,1.0,0.75266,0.49163,10.7475,4.87529,0.86018,0.69448,25.77221,11.35046
